 1030.000000000    0.000000000    0.000000000   10.116385343
 1030.500000000    0.000000000    0.000000000   10.072858119
 1031.000000000    0.000000000    0.000000000   10.036297934
 1031.500000000    0.000000000    0.000000000   10.010383418
 1032.000000000    0.000000000    0.000000000    9.979450935
 1032.500000000    0.000000000    0.000000000    9.912505234
 1033.000000000    0.000000000    0.000000000    9.870939935
 1033.500000000    0.000000000    0.000000000    9.805190796
 1034.000000000    0.000000000    0.000000000    9.772506868
 1034.500000000    0.000000000    0.000000000    9.741541976
 1035.000000000    0.000000000    0.000000000    9.744662466
 1035.500000000    0.000000000    0.000000000    9.708362864
 1036.000000000    0.000000000    0.000000000    9.722437570
 1036.500000000    0.000000000    0.000000000    9.721669694
 1037.000000000    0.000000000    0.000000000    9.754261980
 1037.500000000    0.000000000    0.000000000    9.754045168
 1038.000000000    0.000000000    0.000000000    9.738263628
 1038.500000000    0.000000000    0.000000000    9.764392814
 1039.000000000    0.000000000    0.000000000    9.784379648
 1039.500000000    0.000000000    0.000000000    9.807312069
 1040.000000000    0.000000000    0.000000000    9.822025942
 1040.500000000    0.000000000    0.000000000    9.853807138
 1041.000000000    0.000000000    0.000000000    9.878647001
 1041.500000000    0.000000000    0.000000000    9.924234683
 1042.000000000    0.000000000    0.000000000    9.993534209
 1042.500000000    0.000000000    0.000000000   10.039257398
 1043.000000000    0.000000000    0.000000000   10.094615212
 1043.500000000    0.000000000    0.000000000   10.136299627
 1044.000000000    0.000000000    0.000000000   10.285238596
 1044.500000000    0.000000000    0.000000000   10.409632185
 1045.000000000    0.000000000    0.000000000   10.539350333
 1045.500000000    0.000000000    0.000000000   10.641464079
 1046.000000000    0.000000000    0.000000000   10.766853718
 1046.500000000    0.000000000    0.000000000   10.945791798
 1047.000000000    0.000000000    0.000000000   11.128084129
 1047.500000000    0.000000000    0.000000000   11.319632409
 1048.000000000    0.000000000    0.000000000   11.578163086
 1048.500000000    0.000000000    0.000000000   11.842049984
 1049.000000000    0.000000000    0.000000000   12.041800888
 1049.500000000    0.000000000    0.000000000   12.314012600
 1050.000000000    0.000000000    0.000000000   12.556909351
 1030.000000000    0.000000000    0.041666667   10.335498536
 1030.500000000    0.000000000    0.041666667   10.295107728
 1031.000000000    0.000000000    0.041666667   10.248582950
 1031.500000000    0.000000000    0.041666667   10.184620833
 1032.000000000    0.000000000    0.041666667   10.140460217
 1032.500000000    0.000000000    0.041666667   10.109587526
 1033.000000000    0.000000000    0.041666667   10.085065337
 1033.500000000    0.000000000    0.041666667   10.072251549
 1034.000000000    0.000000000    0.041666667   10.032537254
 1034.500000000    0.000000000    0.041666667   10.021446692
 1035.000000000    0.000000000    0.041666667   10.007562814
 1035.500000000    0.000000000    0.041666667    9.973283531
 1036.000000000    0.000000000    0.041666667    9.959178837
 1036.500000000    0.000000000    0.041666667    9.939379664
 1037.000000000    0.000000000    0.041666667    9.932281310
 1037.500000000    0.000000000    0.041666667    9.915452311
 1038.000000000    0.000000000    0.041666667    9.889439913
 1038.500000000    0.000000000    0.041666667    9.890707070
 1039.000000000    0.000000000    0.041666667    9.938225569
 1039.500000000    0.000000000    0.041666667    9.944362985
 1040.000000000    0.000000000    0.041666667    9.991919016
 1040.500000000    0.000000000    0.041666667   10.053689266
 1041.000000000    0.000000000    0.041666667   10.094713001
 1041.500000000    0.000000000    0.041666667   10.142640723
 1042.000000000    0.000000000    0.041666667   10.194766754
 1042.500000000    0.000000000    0.041666667   10.241460754
 1043.000000000    0.000000000    0.041666667   10.303591425
 1043.500000000    0.000000000    0.041666667   10.394012230
 1044.000000000    0.000000000    0.041666667   10.478282021
 1044.500000000    0.000000000    0.041666667   10.578492424
 1045.000000000    0.000000000    0.041666667   10.699737864
 1045.500000000    0.000000000    0.041666667   10.828241752
 1046.000000000    0.000000000    0.041666667   10.963129764
 1046.500000000    0.000000000    0.041666667   11.102332594
 1047.000000000    0.000000000    0.041666667   11.274305871
 1047.500000000    0.000000000    0.041666667   11.438088818
 1048.000000000    0.000000000    0.041666667   11.620201217
 1048.500000000    0.000000000    0.041666667   11.828460963
 1049.000000000    0.000000000    0.041666667   12.020100793
 1049.500000000    0.000000000    0.041666667   12.257837458
 1050.000000000    0.000000000    0.041666667   12.494119769
 1030.000000000    0.000000000    0.083333333   11.095766770
 1030.500000000    0.000000000    0.083333333   11.004479649
 1031.000000000    0.000000000    0.083333333   10.925366497
 1031.500000000    0.000000000    0.083333333   10.855338024
 1032.000000000    0.000000000    0.083333333   10.809956258
 1032.500000000    0.000000000    0.083333333   10.753163463
 1033.000000000    0.000000000    0.083333333   10.698690778
 1033.500000000    0.000000000    0.083333333   10.660006618
 1034.000000000    0.000000000    0.083333333   10.631591966
 1034.500000000    0.000000000    0.083333333   10.575377429
 1035.000000000    0.000000000    0.083333333   10.542285023
 1035.500000000    0.000000000    0.083333333   10.536691127
 1036.000000000    0.000000000    0.083333333   10.489527835
 1036.500000000    0.000000000    0.083333333   10.485252971
 1037.000000000    0.000000000    0.083333333   10.466400860
 1037.500000000    0.000000000    0.083333333   10.481662722
 1038.000000000    0.000000000    0.083333333   10.495763971
 1038.500000000    0.000000000    0.083333333   10.491198814
 1039.000000000    0.000000000    0.083333333   10.527950199
 1039.500000000    0.000000000    0.083333333   10.537618073
 1040.000000000    0.000000000    0.083333333   10.548069654
 1040.500000000    0.000000000    0.083333333   10.576919140
 1041.000000000    0.000000000    0.083333333   10.616185656
 1041.500000000    0.000000000    0.083333333   10.640294338
 1042.000000000    0.000000000    0.083333333   10.723738419
 1042.500000000    0.000000000    0.083333333   10.778553551
 1043.000000000    0.000000000    0.083333333   10.841913009
 1043.500000000    0.000000000    0.083333333   10.949871922
 1044.000000000    0.000000000    0.083333333   11.038038461
 1044.500000000    0.000000000    0.083333333   11.117883539
 1045.000000000    0.000000000    0.083333333   11.186731653
 1045.500000000    0.000000000    0.083333333   11.321072513
 1046.000000000    0.000000000    0.083333333   11.434421549
 1046.500000000    0.000000000    0.083333333   11.530837836
 1047.000000000    0.000000000    0.083333333   11.646306468
 1047.500000000    0.000000000    0.083333333   11.758775217
 1048.000000000    0.000000000    0.083333333   11.886462709
 1048.500000000    0.000000000    0.083333333   12.017548876
 1049.000000000    0.000000000    0.083333333   12.174991099
 1049.500000000    0.000000000    0.083333333   12.337130168
 1050.000000000    0.000000000    0.083333333   12.524032919
 1030.000000000    0.000000000    0.125000000   12.599838665
 1030.500000000    0.000000000    0.125000000   12.539866986
 1031.000000000    0.000000000    0.125000000   12.480587186
 1031.500000000    0.000000000    0.125000000   12.415009690
 1032.000000000    0.000000000    0.125000000   12.335170666
 1032.500000000    0.000000000    0.125000000   12.222520122
 1033.000000000    0.000000000    0.125000000   12.223675521
 1033.500000000    0.000000000    0.125000000   12.149612932
 1034.000000000    0.000000000    0.125000000   12.087762123
 1034.500000000    0.000000000    0.125000000   12.006059801
 1035.000000000    0.000000000    0.125000000   11.931957724
 1035.500000000    0.000000000    0.125000000   11.814143742
 1036.000000000    0.000000000    0.125000000   11.759611452
 1036.500000000    0.000000000    0.125000000   11.703847023
 1037.000000000    0.000000000    0.125000000   11.651367927
 1037.500000000    0.000000000    0.125000000   11.568157515
 1038.000000000    0.000000000    0.125000000   11.507912306
 1038.500000000    0.000000000    0.125000000   11.501846975
 1039.000000000    0.000000000    0.125000000   11.502089119
 1039.500000000    0.000000000    0.125000000   11.506272713
 1040.000000000    0.000000000    0.125000000   11.515791202
 1040.500000000    0.000000000    0.125000000   11.554883095
 1041.000000000    0.000000000    0.125000000   11.562568927
 1041.500000000    0.000000000    0.125000000   11.572709447
 1042.000000000    0.000000000    0.125000000   11.595155997
 1042.500000000    0.000000000    0.125000000   11.638423754
 1043.000000000    0.000000000    0.125000000   11.676396662
 1043.500000000    0.000000000    0.125000000   11.722937366
 1044.000000000    0.000000000    0.125000000   11.785249179
 1044.500000000    0.000000000    0.125000000   11.816397635
 1045.000000000    0.000000000    0.125000000   11.887207394
 1045.500000000    0.000000000    0.125000000   11.938774073
 1046.000000000    0.000000000    0.125000000   12.007763935
 1046.500000000    0.000000000    0.125000000   12.105338322
 1047.000000000    0.000000000    0.125000000   12.181920419
 1047.500000000    0.000000000    0.125000000   12.276477693
 1048.000000000    0.000000000    0.125000000   12.384324009
 1048.500000000    0.000000000    0.125000000   12.481449684
 1049.000000000    0.000000000    0.125000000   12.575218407
 1049.500000000    0.000000000    0.125000000   12.695212616
 1050.000000000    0.000000000    0.125000000   12.827984849
 1030.000000000    0.000000000    0.166666667   14.542821934
 1030.500000000    0.000000000    0.166666667   14.472809015
 1031.000000000    0.000000000    0.166666667   14.406941505
 1031.500000000    0.000000000    0.166666667   14.357020194
 1032.000000000    0.000000000    0.166666667   14.323136443
 1032.500000000    0.000000000    0.166666667   14.292985993
 1033.000000000    0.000000000    0.166666667   14.244208066
 1033.500000000    0.000000000    0.166666667   14.173064334
 1034.000000000    0.000000000    0.166666667   14.143969258
 1034.500000000    0.000000000    0.166666667   14.082330978
 1035.000000000    0.000000000    0.166666667   14.027071605
 1035.500000000    0.000000000    0.166666667   13.961258018
 1036.000000000    0.000000000    0.166666667   13.897610316
 1036.500000000    0.000000000    0.166666667   13.860057993
 1037.000000000    0.000000000    0.166666667   13.786655152
 1037.500000000    0.000000000    0.166666667   13.748095976
 1038.000000000    0.000000000    0.166666667   13.681727042
 1038.500000000    0.000000000    0.166666667   13.626766903
 1039.000000000    0.000000000    0.166666667   13.582428405
 1039.500000000    0.000000000    0.166666667   13.552412624
 1040.000000000    0.000000000    0.166666667   13.498841645
 1040.500000000    0.000000000    0.166666667   13.464715937
 1041.000000000    0.000000000    0.166666667   13.432575623
 1041.500000000    0.000000000    0.166666667   13.385473890
 1042.000000000    0.000000000    0.166666667   13.323539915
 1042.500000000    0.000000000    0.166666667   13.238171348
 1043.000000000    0.000000000    0.166666667   13.202261226
 1043.500000000    0.000000000    0.166666667   13.141936576
 1044.000000000    0.000000000    0.166666667   13.113011932
 1044.500000000    0.000000000    0.166666667   13.048545504
 1045.000000000    0.000000000    0.166666667   13.009134727
 1045.500000000    0.000000000    0.166666667   13.008482521
 1046.000000000    0.000000000    0.166666667   13.009685045
 1046.500000000    0.000000000    0.166666667   13.046100130
 1047.000000000    0.000000000    0.166666667   13.093987992
 1047.500000000    0.000000000    0.166666667   13.134572236
 1048.000000000    0.000000000    0.166666667   13.164250692
 1048.500000000    0.000000000    0.166666667   13.221698767
 1049.000000000    0.000000000    0.166666667   13.288813969
 1049.500000000    0.000000000    0.166666667   13.388754101
 1050.000000000    0.000000000    0.166666667   13.476756541
 1030.000000000    0.000000000    0.208333333   16.796022886
 1030.500000000    0.000000000    0.208333333   16.766279330
 1031.000000000    0.000000000    0.208333333   16.706121480
 1031.500000000    0.000000000    0.208333333   16.661129193
 1032.000000000    0.000000000    0.208333333   16.629044572
 1032.500000000    0.000000000    0.208333333   16.570108337
 1033.000000000    0.000000000    0.208333333   16.551856650
 1033.500000000    0.000000000    0.208333333   16.501310142
 1034.000000000    0.000000000    0.208333333   16.424076771
 1034.500000000    0.000000000    0.208333333   16.369885905
 1035.000000000    0.000000000    0.208333333   16.354619572
 1035.500000000    0.000000000    0.208333333   16.296754731
 1036.000000000    0.000000000    0.208333333   16.244649468
 1036.500000000    0.000000000    0.208333333   16.155550117
 1037.000000000    0.000000000    0.208333333   16.104727658
 1037.500000000    0.000000000    0.208333333   16.044894559
 1038.000000000    0.000000000    0.208333333   15.982287051
 1038.500000000    0.000000000    0.208333333   15.922676167
 1039.000000000    0.000000000    0.208333333   15.841827122
 1039.500000000    0.000000000    0.208333333   15.797179053
 1040.000000000    0.000000000    0.208333333   15.748797404
 1040.500000000    0.000000000    0.208333333   15.648780810
 1041.000000000    0.000000000    0.208333333   15.607752139
 1041.500000000    0.000000000    0.208333333   15.544253727
 1042.000000000    0.000000000    0.208333333   15.508766426
 1042.500000000    0.000000000    0.208333333   15.442932816
 1043.000000000    0.000000000    0.208333333   15.388027718
 1043.500000000    0.000000000    0.208333333   15.360452002
 1044.000000000    0.000000000    0.208333333   15.296611516
 1044.500000000    0.000000000    0.208333333   15.224395273
 1045.000000000    0.000000000    0.208333333   15.210355772
 1045.500000000    0.000000000    0.208333333   15.156521881
 1046.000000000    0.000000000    0.208333333   15.099786920
 1046.500000000    0.000000000    0.208333333   15.067586070
 1047.000000000    0.000000000    0.208333333   15.017616982
 1047.500000000    0.000000000    0.208333333   14.998504566
 1048.000000000    0.000000000    0.208333333   14.955758629
 1048.500000000    0.000000000    0.208333333   14.916705014
 1049.000000000    0.000000000    0.208333333   14.891696675
 1049.500000000    0.000000000    0.208333333   14.863930689
 1050.000000000    0.000000000    0.208333333   14.817994507
 1030.000000000    0.000000000    0.250000000   19.162140926
 1030.500000000    0.000000000    0.250000000   19.115289534
 1031.000000000    0.000000000    0.250000000   19.074782869
 1031.500000000    0.000000000    0.250000000   19.044117397
 1032.000000000    0.000000000    0.250000000   18.951969547
 1032.500000000    0.000000000    0.250000000   18.898606813
 1033.000000000    0.000000000    0.250000000   18.858229509
 1033.500000000    0.000000000    0.250000000   18.771337019
 1034.000000000    0.000000000    0.250000000   18.749659741
 1034.500000000    0.000000000    0.250000000   18.704718770
 1035.000000000    0.000000000    0.250000000   18.648246070
 1035.500000000    0.000000000    0.250000000   18.587743724
 1036.000000000    0.000000000    0.250000000   18.551031640
 1036.500000000    0.000000000    0.250000000   18.479954312
 1037.000000000    0.000000000    0.250000000   18.391846260
 1037.500000000    0.000000000    0.250000000   18.355079042
 1038.000000000    0.000000000    0.250000000   18.287790054
 1038.500000000    0.000000000    0.250000000   18.228658894
 1039.000000000    0.000000000    0.250000000   18.167258007
 1039.500000000    0.000000000    0.250000000   18.085475313
 1040.000000000    0.000000000    0.250000000   18.042964535
 1040.500000000    0.000000000    0.250000000   17.969169607
 1041.000000000    0.000000000    0.250000000   17.901032651
 1041.500000000    0.000000000    0.250000000   17.847738368
 1042.000000000    0.000000000    0.250000000   17.810472799
 1042.500000000    0.000000000    0.250000000   17.720287153
 1043.000000000    0.000000000    0.250000000   17.669661390
 1043.500000000    0.000000000    0.250000000   17.596152471
 1044.000000000    0.000000000    0.250000000   17.551870132
 1044.500000000    0.000000000    0.250000000   17.507590773
 1045.000000000    0.000000000    0.250000000   17.462522862
 1045.500000000    0.000000000    0.250000000   17.444461538
 1046.000000000    0.000000000    0.250000000   17.422614107
 1046.500000000    0.000000000    0.250000000   17.357901530
 1047.000000000    0.000000000    0.250000000   17.312030913
 1047.500000000    0.000000000    0.250000000   17.272596294
 1048.000000000    0.000000000    0.250000000   17.229661206
 1048.500000000    0.000000000    0.250000000   17.175514577
 1049.000000000    0.000000000    0.250000000   17.165948963
 1049.500000000    0.000000000    0.250000000   17.149388837
 1050.000000000    0.000000000    0.250000000   17.101149308
 1030.000000000    0.000000000    0.291666667   21.309420886
 1030.500000000    0.000000000    0.291666667   21.239328524
 1031.000000000    0.000000000    0.291666667   21.182911517
 1031.500000000    0.000000000    0.291666667   21.134949150
 1032.000000000    0.000000000    0.291666667   21.083427547
 1032.500000000    0.000000000    0.291666667   21.030059410
 1033.000000000    0.000000000    0.291666667   20.985992486
 1033.500000000    0.000000000    0.291666667   20.913877944
 1034.000000000    0.000000000    0.291666667   20.880221808
 1034.500000000    0.000000000    0.291666667   20.812351024
 1035.000000000    0.000000000    0.291666667   20.746482303
 1035.500000000    0.000000000    0.291666667   20.690804580
 1036.000000000    0.000000000    0.291666667   20.640106173
 1036.500000000    0.000000000    0.291666667   20.609240746
 1037.000000000    0.000000000    0.291666667   20.540014328
 1037.500000000    0.000000000    0.291666667   20.489741629
 1038.000000000    0.000000000    0.291666667   20.471098879
 1038.500000000    0.000000000    0.291666667   20.385501394
 1039.000000000    0.000000000    0.291666667   20.322435955
 1039.500000000    0.000000000    0.291666667   20.253354171
 1040.000000000    0.000000000    0.291666667   20.203440590
 1040.500000000    0.000000000    0.291666667   20.160521241
 1041.000000000    0.000000000    0.291666667   20.084297424
 1041.500000000    0.000000000    0.291666667   20.023745066
 1042.000000000    0.000000000    0.291666667   19.957413198
 1042.500000000    0.000000000    0.291666667   19.907672657
 1043.000000000    0.000000000    0.291666667   19.844483910
 1043.500000000    0.000000000    0.291666667   19.808119768
 1044.000000000    0.000000000    0.291666667   19.749487424
 1044.500000000    0.000000000    0.291666667   19.730378455
 1045.000000000    0.000000000    0.291666667   19.673399953
 1045.500000000    0.000000000    0.291666667   19.633689290
 1046.000000000    0.000000000    0.291666667   19.609605288
 1046.500000000    0.000000000    0.291666667   19.587694062
 1047.000000000    0.000000000    0.291666667   19.561038306
 1047.500000000    0.000000000    0.291666667   19.533551997
 1048.000000000    0.000000000    0.291666667   19.499806454
 1048.500000000    0.000000000    0.291666667   19.479599828
 1049.000000000    0.000000000    0.291666667   19.466139982
 1049.500000000    0.000000000    0.291666667   19.425812224
 1050.000000000    0.000000000    0.291666667   19.435682101
 1030.000000000    0.000000000    0.333333333   23.519479809
 1030.500000000    0.000000000    0.333333333   23.460224597
 1031.000000000    0.000000000    0.333333333   23.382541398
 1031.500000000    0.000000000    0.333333333   23.300270503
 1032.000000000    0.000000000    0.333333333   23.245086009
 1032.500000000    0.000000000    0.333333333   23.152315011
 1033.000000000    0.000000000    0.333333333   23.119566916
 1033.500000000    0.000000000    0.333333333   23.085519066
 1034.000000000    0.000000000    0.333333333   23.005078221
 1034.500000000    0.000000000    0.333333333   22.988133179
 1035.000000000    0.000000000    0.333333333   22.956060758
 1035.500000000    0.000000000    0.333333333   22.883102065
 1036.000000000    0.000000000    0.333333333   22.833138844
 1036.500000000    0.000000000    0.333333333   22.758149961
 1037.000000000    0.000000000    0.333333333   22.721221624
 1037.500000000    0.000000000    0.333333333   22.685516765
 1038.000000000    0.000000000    0.333333333   22.637633374
 1038.500000000    0.000000000    0.333333333   22.619866813
 1039.000000000    0.000000000    0.333333333   22.558400920
 1039.500000000    0.000000000    0.333333333   22.518059937
 1040.000000000    0.000000000    0.333333333   22.490370413
 1040.500000000    0.000000000    0.333333333   22.462345054
 1041.000000000    0.000000000    0.333333333   22.436509607
 1041.500000000    0.000000000    0.333333333   22.386484919
 1042.000000000    0.000000000    0.333333333   22.342686122
 1042.500000000    0.000000000    0.333333333   22.319026710
 1043.000000000    0.000000000    0.333333333   22.273458308
 1043.500000000    0.000000000    0.333333333   22.231791774
 1044.000000000    0.000000000    0.333333333   22.203947743
 1044.500000000    0.000000000    0.333333333   22.148892609
 1045.000000000    0.000000000    0.333333333   22.120589530
 1045.500000000    0.000000000    0.333333333   22.101130662
 1046.000000000    0.000000000    0.333333333   22.109947121
 1046.500000000    0.000000000    0.333333333   22.112063644
 1047.000000000    0.000000000    0.333333333   22.093471838
 1047.500000000    0.000000000    0.333333333   22.080732649
 1048.000000000    0.000000000    0.333333333   22.059994144
 1048.500000000    0.000000000    0.333333333   22.035720153
 1049.000000000    0.000000000    0.333333333   22.044754075
 1049.500000000    0.000000000    0.333333333   22.049070196
 1050.000000000    0.000000000    0.333333333   22.066896548
 1030.000000000    0.000000000    0.375000000   25.944588939
 1030.500000000    0.000000000    0.375000000   25.880309893
 1031.000000000    0.000000000    0.375000000   25.800198736
 1031.500000000    0.000000000    0.375000000   25.729830610
 1032.000000000    0.000000000    0.375000000   25.676292973
 1032.500000000    0.000000000    0.375000000   25.621199282
 1033.000000000    0.000000000    0.375000000   25.558137847
 1033.500000000    0.000000000    0.375000000   25.486289011
 1034.000000000    0.000000000    0.375000000   25.440756278
 1034.500000000    0.000000000    0.375000000   25.404734956
 1035.000000000    0.000000000    0.375000000   25.376415299
 1035.500000000    0.000000000    0.375000000   25.343431113
 1036.000000000    0.000000000    0.375000000   25.272346521
 1036.500000000    0.000000000    0.375000000   25.234472519
 1037.000000000    0.000000000    0.375000000   25.198756950
 1037.500000000    0.000000000    0.375000000   25.167241460
 1038.000000000    0.000000000    0.375000000   25.152475620
 1038.500000000    0.000000000    0.375000000   25.144554628
 1039.000000000    0.000000000    0.375000000   25.067243213
 1039.500000000    0.000000000    0.375000000   25.046293018
 1040.000000000    0.000000000    0.375000000   25.016172836
 1040.500000000    0.000000000    0.375000000   25.014020177
 1041.000000000    0.000000000    0.375000000   24.995519640
 1041.500000000    0.000000000    0.375000000   24.959164625
 1042.000000000    0.000000000    0.375000000   24.959151959
 1042.500000000    0.000000000    0.375000000   24.976035813
 1043.000000000    0.000000000    0.375000000   24.951516883
 1043.500000000    0.000000000    0.375000000   24.941679137
 1044.000000000    0.000000000    0.375000000   24.935777253
 1044.500000000    0.000000000    0.375000000   24.903615704
 1045.000000000    0.000000000    0.375000000   24.910035403
 1045.500000000    0.000000000    0.375000000   24.880110705
 1046.000000000    0.000000000    0.375000000   24.876027228
 1046.500000000    0.000000000    0.375000000   24.869852094
 1047.000000000    0.000000000    0.375000000   24.866048666
 1047.500000000    0.000000000    0.375000000   24.879046762
 1048.000000000    0.000000000    0.375000000   24.884292623
 1048.500000000    0.000000000    0.375000000   24.896314880
 1049.000000000    0.000000000    0.375000000   24.902764754
 1049.500000000    0.000000000    0.375000000   24.916400900
 1050.000000000    0.000000000    0.375000000   24.934469303
 1028.000000000    0.000000000    0.000000000   10.399547545
 1026.000000000    0.000000000    0.000000000   10.672589345
 1024.000000000    0.000000000    0.000000000   11.060395138
 1022.000000000    0.000000000    0.000000000   11.586953374
 1020.000000000    0.000000000    0.000000000   12.242595525
 1018.000000000    0.000000000    0.000000000   13.212180091
 1016.000000000    0.000000000    0.000000000   14.255137509
 1014.000000000    0.000000000    0.000000000   15.321275080
 1012.000000000    0.000000000    0.000000000   16.376479482
 1010.000000000    0.000000000    0.000000000   17.454096256
 1008.000000000    0.000000000    0.000000000   18.499635765
 1028.000000000    0.000000000    0.041666667   10.587048577
 1026.000000000    0.000000000    0.041666667   11.012622016
 1024.000000000    0.000000000    0.041666667   11.481354432
 1022.000000000    0.000000000    0.041666667   12.061663391
 1020.000000000    0.000000000    0.041666667   12.716986565
 1018.000000000    0.000000000    0.041666667   13.478441397
 1016.000000000    0.000000000    0.041666667   14.312061714
 1014.000000000    0.000000000    0.041666667   15.365524171
 1012.000000000    0.000000000    0.041666667   16.434003459
 1010.000000000    0.000000000    0.041666667   17.497829115
 1008.000000000    0.000000000    0.041666667   18.572077947
 1028.000000000    0.000000000    0.083333333   11.500794766
 1026.000000000    0.000000000    0.083333333   11.930772616
 1024.000000000    0.000000000    0.083333333   12.453912897
 1022.000000000    0.000000000    0.083333333   12.971771928
 1020.000000000    0.000000000    0.083333333   13.521353202
 1018.000000000    0.000000000    0.083333333   14.162310259
 1016.000000000    0.000000000    0.083333333   14.878531313
 1014.000000000    0.000000000    0.083333333   15.669490909
 1012.000000000    0.000000000    0.083333333   16.579584358
 1010.000000000    0.000000000    0.083333333   17.683029221
 1008.000000000    0.000000000    0.083333333   18.746205559
 1028.000000000    0.000000000    0.125000000   12.924375245
 1026.000000000    0.000000000    0.125000000   13.357541477
 1024.000000000    0.000000000    0.125000000   13.686356368
 1022.000000000    0.000000000    0.125000000   14.217782812
 1020.000000000    0.000000000    0.125000000   14.691527141
 1018.000000000    0.000000000    0.125000000   15.201920317
 1016.000000000    0.000000000    0.125000000   15.816769144
 1014.000000000    0.000000000    0.125000000   16.524755443
 1012.000000000    0.000000000    0.125000000   17.279996118
 1010.000000000    0.000000000    0.125000000   18.065963639
 1008.000000000    0.000000000    0.125000000   19.038688065
 1028.000000000    0.000000000    0.166666667   14.777705958
 1026.000000000    0.000000000    0.166666667   15.098987846
 1024.000000000    0.000000000    0.166666667   15.367383929
 1022.000000000    0.000000000    0.166666667   15.768011706
 1020.000000000    0.000000000    0.166666667   16.172211012
 1018.000000000    0.000000000    0.166666667   16.592216073
 1016.000000000    0.000000000    0.166666667   17.094527232
 1014.000000000    0.000000000    0.166666667   17.648893734
 1012.000000000    0.000000000    0.166666667   18.342462694
 1010.000000000    0.000000000    0.166666667   19.015683187
 1008.000000000    0.000000000    0.166666667   19.837297080
 1028.000000000    0.000000000    0.208333333   16.965803737
 1026.000000000    0.000000000    0.208333333   17.225464666
 1024.000000000    0.000000000    0.208333333   17.449791031
 1022.000000000    0.000000000    0.208333333   17.728712643
 1020.000000000    0.000000000    0.208333333   18.047304312
 1018.000000000    0.000000000    0.208333333   18.389440281
 1016.000000000    0.000000000    0.208333333   18.803435611
 1014.000000000    0.000000000    0.208333333   19.273506431
 1012.000000000    0.000000000    0.208333333   19.877621671
 1010.000000000    0.000000000    0.208333333   20.754584903
 1008.000000000    0.000000000    0.208333333   21.685697278
 1028.000000000    0.000000000    0.250000000   19.434471382
 1026.000000000    0.000000000    0.250000000   19.673714740
 1024.000000000    0.000000000    0.250000000   19.842385547
 1022.000000000    0.000000000    0.250000000   20.106951194
 1020.000000000    0.000000000    0.250000000   20.379644213
 1018.000000000    0.000000000    0.250000000   20.733347116
 1016.000000000    0.000000000    0.250000000   21.246991819
 1014.000000000    0.000000000    0.250000000   21.914397134
 1012.000000000    0.000000000    0.250000000   22.590616019
 1010.000000000    0.000000000    0.250000000   23.262441391
 1008.000000000    0.000000000    0.250000000   24.064928340
 1028.000000000    0.000000000    0.291666667   21.605338855
 1026.000000000    0.000000000    0.291666667   21.845866228
 1024.000000000    0.000000000    0.291666667   22.140263626
 1022.000000000    0.000000000    0.291666667   22.491335450
 1020.000000000    0.000000000    0.291666667   23.000453459
 1018.000000000    0.000000000    0.291666667   23.543943325
 1016.000000000    0.000000000    0.291666667   24.039882934
 1014.000000000    0.000000000    0.291666667   24.585048901
 1012.000000000    0.000000000    0.291666667   25.166773936
 1010.000000000    0.000000000    0.291666667   25.700343167
 1008.000000000    0.000000000    0.291666667   26.231286814
 1028.000000000    0.000000000    0.333333333   23.827036889
 1026.000000000    0.000000000    0.333333333   24.133028416
 1024.000000000    0.000000000    0.333333333   24.542049645
 1022.000000000    0.000000000    0.333333333   24.988439167
 1020.000000000    0.000000000    0.333333333   25.490674702
 1018.000000000    0.000000000    0.333333333   25.999182323
 1016.000000000    0.000000000    0.333333333   26.499021752
 1014.000000000    0.000000000    0.333333333   27.060805773
 1012.000000000    0.000000000    0.333333333   27.554560499
 1010.000000000    0.000000000    0.333333333   28.096325183
 1008.000000000    0.000000000    0.333333333   28.623837559
 1028.000000000    0.000000000    0.375000000   26.234438224
 1026.000000000    0.000000000    0.375000000   26.653889054
 1024.000000000    0.000000000    0.375000000   27.079892391
 1022.000000000    0.000000000    0.375000000   27.497503487
 1020.000000000    0.000000000    0.375000000   27.947001671
 1018.000000000    0.000000000    0.375000000   28.374781134
 1016.000000000    0.000000000    0.375000000   28.803102626
 1014.000000000    0.000000000    0.375000000   29.344769521
 1012.000000000    0.000000000    0.375000000   29.826968862
 1010.000000000    0.000000000    0.375000000   30.371362111
 1008.000000000    0.000000000    0.375000000   30.833820673
 1052.000000000    0.000000000    0.000000000   13.560449006
 1054.000000000    0.000000000    0.000000000   14.569626609
 1056.000000000    0.000000000    0.000000000   15.542292362
 1058.000000000    0.000000000    0.000000000   16.572685493
 1060.000000000    0.000000000    0.000000000   17.627630522
 1062.000000000    0.000000000    0.000000000   18.647388415
 1064.000000000    0.000000000    0.000000000   19.719119510
 1066.000000000    0.000000000    0.000000000   20.800220082
 1068.000000000    0.000000000    0.000000000   21.923319204
 1070.000000000    0.000000000    0.000000000   23.030040739
 1072.000000000    0.000000000    0.000000000   24.179583648
 1052.000000000    0.000000000    0.041666667   13.471790543
 1054.000000000    0.000000000    0.041666667   14.484517137
 1056.000000000    0.000000000    0.041666667   15.508129867
 1058.000000000    0.000000000    0.041666667   16.578367213
 1060.000000000    0.000000000    0.041666667   17.633661674
 1062.000000000    0.000000000    0.041666667   18.696522107
 1064.000000000    0.000000000    0.041666667   19.804675644
 1066.000000000    0.000000000    0.041666667   20.882550301
 1068.000000000    0.000000000    0.041666667   21.978898486
 1070.000000000    0.000000000    0.041666667   23.101912392
 1072.000000000    0.000000000    0.041666667   24.212965881
 1052.000000000    0.000000000    0.083333333   13.426993089
 1054.000000000    0.000000000    0.083333333   14.448972652
 1056.000000000    0.000000000    0.083333333   15.454646805
 1058.000000000    0.000000000    0.083333333   16.511581047
 1060.000000000    0.000000000    0.083333333   17.588373879
 1062.000000000    0.000000000    0.083333333   18.653795728
 1064.000000000    0.000000000    0.083333333   19.746798882
 1066.000000000    0.000000000    0.083333333   20.883726841
 1068.000000000    0.000000000    0.083333333   22.009294713
 1070.000000000    0.000000000    0.083333333   23.153198091
 1072.000000000    0.000000000    0.083333333   24.310186086
 1052.000000000    0.000000000    0.125000000   13.379466115
 1054.000000000    0.000000000    0.125000000   14.328815928
 1056.000000000    0.000000000    0.125000000   15.384198213
 1058.000000000    0.000000000    0.125000000   16.498207999
 1060.000000000    0.000000000    0.125000000   17.584492313
 1062.000000000    0.000000000    0.125000000   18.681318546
 1064.000000000    0.000000000    0.125000000   19.805899216
 1066.000000000    0.000000000    0.125000000   20.948197646
 1068.000000000    0.000000000    0.125000000   22.104215855
 1070.000000000    0.000000000    0.125000000   23.229370872
 1072.000000000    0.000000000    0.125000000   24.351279577
 1052.000000000    0.000000000    0.166666667   13.901078468
 1054.000000000    0.000000000    0.166666667   14.381975541
 1056.000000000    0.000000000    0.166666667   15.308493422
 1058.000000000    0.000000000    0.166666667   16.441136273
 1060.000000000    0.000000000    0.166666667   17.605481995
 1062.000000000    0.000000000    0.166666667   18.772176048
 1064.000000000    0.000000000    0.166666667   19.937909162
 1066.000000000    0.000000000    0.166666667   21.069802577
 1068.000000000    0.000000000    0.166666667   22.220509266
 1070.000000000    0.000000000    0.166666667   23.411437823
 1072.000000000    0.000000000    0.166666667   24.622442806
 1052.000000000    0.000000000    0.208333333   14.771304978
 1054.000000000    0.000000000    0.208333333   15.191317489
 1056.000000000    0.000000000    0.208333333   15.721631004
 1058.000000000    0.000000000    0.208333333   16.497014696
 1060.000000000    0.000000000    0.208333333   17.737640021
 1062.000000000    0.000000000    0.208333333   18.929494405
 1064.000000000    0.000000000    0.208333333   20.126273809
 1066.000000000    0.000000000    0.208333333   21.339534083
 1068.000000000    0.000000000    0.208333333   22.552609490
 1070.000000000    0.000000000    0.208333333   23.753781756
 1072.000000000    0.000000000    0.208333333   24.958200799
 1052.000000000    0.000000000    0.250000000   16.991741350
 1054.000000000    0.000000000    0.250000000   16.967205470
 1056.000000000    0.000000000    0.250000000   17.069490580
 1058.000000000    0.000000000    0.250000000   17.790503008
 1060.000000000    0.000000000    0.250000000   18.647979153
 1062.000000000    0.000000000    0.250000000   19.539566478
 1064.000000000    0.000000000    0.250000000   20.691783959
 1066.000000000    0.000000000    0.250000000   21.917320462
 1068.000000000    0.000000000    0.250000000   23.139873846
 1070.000000000    0.000000000    0.250000000   24.351530476
 1072.000000000    0.000000000    0.250000000   25.551600708
 1052.000000000    0.000000000    0.291666667   19.415343320
 1054.000000000    0.000000000    0.291666667   19.474665495
 1056.000000000    0.000000000    0.291666667   19.614311354
 1058.000000000    0.000000000    0.291666667   19.819441764
 1060.000000000    0.000000000    0.291666667   20.657659182
 1062.000000000    0.000000000    0.291666667   21.549001103
 1064.000000000    0.000000000    0.291666667   22.479764791
 1066.000000000    0.000000000    0.291666667   23.477548407
 1068.000000000    0.000000000    0.291666667   24.458398623
 1070.000000000    0.000000000    0.291666667   25.496550510
 1072.000000000    0.000000000    0.291666667   26.540175779
 1052.000000000    0.000000000    0.333333333   22.126570297
 1054.000000000    0.000000000    0.333333333   22.208974557
 1056.000000000    0.000000000    0.333333333   22.398720449
 1058.000000000    0.000000000    0.333333333   22.688138997
 1060.000000000    0.000000000    0.333333333   23.074496025
 1062.000000000    0.000000000    0.333333333   23.709926428
 1064.000000000    0.000000000    0.333333333   24.471710948
 1066.000000000    0.000000000    0.333333333   25.267878594
 1068.000000000    0.000000000    0.333333333   26.110610692
 1070.000000000    0.000000000    0.333333333   27.000201168
 1072.000000000    0.000000000    0.333333333   27.874774812
 1052.000000000    0.000000000    0.375000000   25.049309572
 1054.000000000    0.000000000    0.375000000   25.119442446
 1056.000000000    0.000000000    0.375000000   25.338386139
 1058.000000000    0.000000000    0.375000000   25.635972479
 1060.000000000    0.000000000    0.375000000   25.881674280
 1062.000000000    0.000000000    0.375000000   26.218919875
 1064.000000000    0.000000000    0.375000000   26.646302128
 1066.000000000    0.000000000    0.375000000   27.153409785
 1068.000000000    0.000000000    0.375000000   27.826944413
 1070.000000000    0.000000000    0.375000000   28.569645854
 1072.000000000    0.000000000    0.375000000   29.318078933
