 1030.000000000    0.000000000   14.047128474
 1031.000000000    0.000000000   12.468511751
 1032.000000000    0.000000000   10.837456724
 1033.000000000    0.000000000    9.291508002
 1034.000000000    0.000000000    7.734950213
 1035.000000000    0.000000000    6.230070489
 1036.000000000    0.000000000    4.876072658
 1037.000000000    0.000000000    4.435272003
 1038.000000000    0.000000000    4.425615212
 1039.000000000    0.000000000    4.744756920
 1040.000000000    0.000000000    5.790634407
 1041.000000000    0.000000000    7.253193343
 1042.000000000    0.000000000    8.750380063
 1043.000000000    0.000000000   10.326721938
 1044.000000000    0.000000000   11.912125954
 1045.000000000    0.000000000   13.556913985
 1046.000000000    0.000000000   15.247808909
 1047.000000000    0.000000000   16.905667027
 1048.000000000    0.000000000   18.637350714
 1049.000000000    0.000000000   20.389854582
 1050.000000000    0.000000000   22.223543981
 1030.000000000    0.125000000   15.843964694
 1031.000000000    0.125000000   14.386637835
 1032.000000000    0.125000000   12.918502232
 1033.000000000    0.125000000   11.578383902
 1034.000000000    0.125000000   10.361607792
 1035.000000000    0.125000000    9.215161623
 1036.000000000    0.125000000    8.204351319
 1037.000000000    0.125000000    7.301741047
 1038.000000000    0.125000000    6.783295283
 1039.000000000    0.125000000    6.675113784
 1040.000000000    0.125000000    6.811816012
 1041.000000000    0.125000000    7.190656150
 1042.000000000    0.125000000    7.748988690
 1043.000000000    0.125000000    8.716940833
 1044.000000000    0.125000000   10.094475048
 1045.000000000    0.125000000   11.784440977
 1046.000000000    0.125000000   13.607843546
 1047.000000000    0.125000000   15.399724944
 1048.000000000    0.125000000   17.205296038
 1049.000000000    0.125000000   19.084069459
 1050.000000000    0.125000000   20.876890002
 1030.000000000    0.250000000   19.270424498
 1031.000000000    0.250000000   17.950418638
 1032.000000000    0.250000000   16.819292540
 1033.000000000    0.250000000   15.741459420
 1034.000000000    0.250000000   14.714160888
 1035.000000000    0.250000000   13.857891550
 1036.000000000    0.250000000   13.076992938
 1037.000000000    0.250000000   12.301665219
 1038.000000000    0.250000000   11.736398796
 1039.000000000    0.250000000   11.486676289
 1040.000000000    0.250000000   11.546855280
 1041.000000000    0.250000000   11.760259932
 1042.000000000    0.250000000   12.228510203
 1043.000000000    0.250000000   12.720202236
 1044.000000000    0.250000000   13.321977807
 1045.000000000    0.250000000   14.084491273
 1046.000000000    0.250000000   15.039162477
 1047.000000000    0.250000000   16.157312272
 1048.000000000    0.250000000   17.237563105
 1049.000000000    0.250000000   18.448625552
 1050.000000000    0.250000000   19.816804072
 1030.000000000    0.375000000   23.429560801
 1031.000000000    0.375000000   22.271313937
 1032.000000000    0.375000000   21.285074810
 1033.000000000    0.375000000   20.322613744
 1034.000000000    0.375000000   19.437890174
 1035.000000000    0.375000000   18.713332294
 1036.000000000    0.375000000   18.110187491
 1037.000000000    0.375000000   17.492591636
 1038.000000000    0.375000000   17.082270840
 1039.000000000    0.375000000   16.809496609
 1040.000000000    0.375000000   16.660317080
 1041.000000000    0.375000000   16.677205032
 1042.000000000    0.375000000   16.740878811
 1043.000000000    0.375000000   17.070702789
 1044.000000000    0.375000000   17.445667787
 1045.000000000    0.375000000   17.966634640
 1046.000000000    0.375000000   18.467714684
 1047.000000000    0.375000000   19.248571107
 1048.000000000    0.375000000   20.130656892
 1049.000000000    0.375000000   21.080654440
 1050.000000000    0.375000000   22.156026168
 1030.000000000    0.500000000   27.841698704
 1031.000000000    0.500000000   26.838728925
 1032.000000000    0.500000000   25.951603288
 1033.000000000    0.500000000   25.173244486
 1034.000000000    0.500000000   24.416144984
 1035.000000000    0.500000000   23.739947705
 1036.000000000    0.500000000   23.244041996
 1037.000000000    0.500000000   22.750245268
 1038.000000000    0.500000000   22.366230609
 1039.000000000    0.500000000   22.096667858
 1040.000000000    0.500000000   21.830806462
 1041.000000000    0.500000000   21.720212093
 1042.000000000    0.500000000   21.706190007
 1043.000000000    0.500000000   21.796908369
 1044.000000000    0.500000000   21.941970801
 1045.000000000    0.500000000   22.138594789
 1046.000000000    0.500000000   22.493709112
 1047.000000000    0.500000000   22.876018146
 1048.000000000    0.500000000   23.325056629
 1049.000000000    0.500000000   24.006011849
 1050.000000000    0.500000000   24.933158280
