 1030.000000000    0.000000000   11.006450327
 1031.000000000    0.000000000    9.868398914
 1032.000000000    0.000000000    8.724529436
 1033.000000000    0.000000000    7.627622364
 1034.000000000    0.000000000    6.560067320
 1035.000000000    0.000000000    5.549584934
 1036.000000000    0.000000000    5.029090913
 1037.000000000    0.000000000    4.823315376
 1038.000000000    0.000000000    4.845048068
 1039.000000000    0.000000000    4.958115658
 1040.000000000    0.000000000    5.346407695
 1041.000000000    0.000000000    6.187559804
 1042.000000000    0.000000000    7.183279330
 1043.000000000    0.000000000    8.285142807
 1044.000000000    0.000000000    9.447420342
 1045.000000000    0.000000000   10.590904159
 1046.000000000    0.000000000   11.800222052
 1047.000000000    0.000000000   12.976263324
 1048.000000000    0.000000000   14.229303366
 1049.000000000    0.000000000   15.488538193
 1050.000000000    0.000000000   16.754243569
 1030.000000000    0.125000000   12.491572695
 1031.000000000    0.125000000   11.373255355
 1032.000000000    0.125000000   10.221295571
 1033.000000000    0.125000000    9.181276010
 1034.000000000    0.125000000    8.286385564
 1035.000000000    0.125000000    7.563207345
 1036.000000000    0.125000000    7.101588557
 1037.000000000    0.125000000    6.771349488
 1038.000000000    0.125000000    6.516176509
 1039.000000000    0.125000000    6.282909634
 1040.000000000    0.125000000    6.188231101
 1041.000000000    0.125000000    6.176684471
 1042.000000000    0.125000000    6.359440694
 1043.000000000    0.125000000    7.124036597
 1044.000000000    0.125000000    8.291688701
 1045.000000000    0.125000000    9.612179687
 1046.000000000    0.125000000   10.882361839
 1047.000000000    0.125000000   12.145939702
 1048.000000000    0.125000000   13.393622590
 1049.000000000    0.125000000   14.641655935
 1050.000000000    0.125000000   15.939255664
 1030.000000000    0.250000000   15.465624770
 1031.000000000    0.250000000   14.616833394
 1032.000000000    0.250000000   13.758025458
 1033.000000000    0.250000000   13.096993091
 1034.000000000    0.250000000   12.329995306
 1035.000000000    0.250000000   11.696010036
 1036.000000000    0.250000000   11.222610017
 1037.000000000    0.250000000   10.773070948
 1038.000000000    0.250000000   10.456938157
 1039.000000000    0.250000000   10.251128254
 1040.000000000    0.250000000   10.140660731
 1041.000000000    0.250000000   10.175117245
 1042.000000000    0.250000000   10.350762261
 1043.000000000    0.250000000   10.590280639
 1044.000000000    0.250000000   10.919218929
 1045.000000000    0.250000000   11.386704585
 1046.000000000    0.250000000   11.983143305
 1047.000000000    0.250000000   12.709394423
 1048.000000000    0.250000000   13.610310340
 1049.000000000    0.250000000   14.600514667
 1050.000000000    0.250000000   15.701997234
 1030.000000000    0.375000000   19.141319441
 1031.000000000    0.375000000   18.411029922
 1032.000000000    0.375000000   17.894899985
 1033.000000000    0.375000000   17.359256605
 1034.000000000    0.375000000   16.837983904
 1035.000000000    0.375000000   16.389346821
 1036.000000000    0.375000000   16.018773848
 1037.000000000    0.375000000   15.719981724
 1038.000000000    0.375000000   15.358317317
 1039.000000000    0.375000000   14.996879222
 1040.000000000    0.375000000   14.738427335
 1041.000000000    0.375000000   14.542584820
 1042.000000000    0.375000000   14.481332945
 1043.000000000    0.375000000   14.555592602
 1044.000000000    0.375000000   14.742477192
 1045.000000000    0.375000000   14.975775359
 1046.000000000    0.375000000   15.359347733
 1047.000000000    0.375000000   15.836324962
 1048.000000000    0.375000000   16.378982877
 1049.000000000    0.375000000   16.978770727
 1050.000000000    0.375000000   17.738589318
 1030.000000000    0.500000000   23.489759257
 1031.000000000    0.500000000   23.023017729
 1032.000000000    0.500000000   22.535171127
 1033.000000000    0.500000000   21.982109128
 1034.000000000    0.500000000   21.559688309
 1035.000000000    0.500000000   21.104080835
 1036.000000000    0.500000000   20.803666255
 1037.000000000    0.500000000   20.450277394
 1038.000000000    0.500000000   20.105549460
 1039.000000000    0.500000000   19.739027647
 1040.000000000    0.500000000   19.463929115
 1041.000000000    0.500000000   19.293339131
 1042.000000000    0.500000000   19.179686485
 1043.000000000    0.500000000   18.980257539
 1044.000000000    0.500000000   18.923450215
 1045.000000000    0.500000000   18.950584019
 1046.000000000    0.500000000   19.015457807
 1047.000000000    0.500000000   19.062716654
 1048.000000000    0.500000000   19.420676818
 1049.000000000    0.500000000   19.900225243
 1050.000000000    0.500000000   20.366961276
