 1030.000000000    0.000000000    0.000000000    8.263516473
 1030.500000000    0.000000000    0.000000000    8.047530660
 1031.000000000    0.000000000    0.000000000    7.834325219
 1031.500000000    0.000000000    0.000000000    7.689988939
 1032.000000000    0.000000000    0.000000000    7.621568581
 1032.500000000    0.000000000    0.000000000    7.541817660
 1033.000000000    0.000000000    0.000000000    7.499652402
 1033.500000000    0.000000000    0.000000000    7.480496867
 1034.000000000    0.000000000    0.000000000    7.464682730
 1034.500000000    0.000000000    0.000000000    7.458107593
 1035.000000000    0.000000000    0.000000000    7.465633703
 1035.500000000    0.000000000    0.000000000    7.553722849
 1036.000000000    0.000000000    0.000000000    7.663240517
 1036.500000000    0.000000000    0.000000000    7.790452568
 1037.000000000    0.000000000    0.000000000    8.027786436
 1037.500000000    0.000000000    0.000000000    8.335926989
 1038.000000000    0.000000000    0.000000000    8.775196550
 1038.500000000    0.000000000    0.000000000    9.305874491
 1039.000000000    0.000000000    0.000000000    9.899716126
 1039.500000000    0.000000000    0.000000000   10.481583467
 1040.000000000    0.000000000    0.000000000   11.072094226
 1040.500000000    0.000000000    0.000000000   11.659426754
 1041.000000000    0.000000000    0.000000000   12.267043022
 1041.500000000    0.000000000    0.000000000   12.849746784
 1042.000000000    0.000000000    0.000000000   13.463490037
 1042.500000000    0.000000000    0.000000000   14.062909642
 1043.000000000    0.000000000    0.000000000   14.656162588
 1043.500000000    0.000000000    0.000000000   15.295223007
 1044.000000000    0.000000000    0.000000000   15.905045392
 1044.500000000    0.000000000    0.000000000   16.537622502
 1045.000000000    0.000000000    0.000000000   17.158980714
 1045.500000000    0.000000000    0.000000000   17.839311855
 1046.000000000    0.000000000    0.000000000   18.426639820
 1046.500000000    0.000000000    0.000000000   19.089856232
 1047.000000000    0.000000000    0.000000000   19.752712129
 1047.500000000    0.000000000    0.000000000   20.411337027
 1048.000000000    0.000000000    0.000000000   21.051832242
 1048.500000000    0.000000000    0.000000000   21.700866381
 1049.000000000    0.000000000    0.000000000   22.351453500
 1049.500000000    0.000000000    0.000000000   23.040152295
 1050.000000000    0.000000000    0.000000000   23.704778822
 1030.000000000    0.000000000    0.041666667    8.617292019
 1030.500000000    0.000000000    0.041666667    8.284251438
 1031.000000000    0.000000000    0.041666667    8.013589634
 1031.500000000    0.000000000    0.041666667    7.877445081
 1032.000000000    0.000000000    0.041666667    7.741620066
 1032.500000000    0.000000000    0.041666667    7.645481778
 1033.000000000    0.000000000    0.041666667    7.577580540
 1033.500000000    0.000000000    0.041666667    7.506133290
 1034.000000000    0.000000000    0.041666667    7.492264220
 1034.500000000    0.000000000    0.041666667    7.515477715
 1035.000000000    0.000000000    0.041666667    7.541138073
 1035.500000000    0.000000000    0.041666667    7.596544316
 1036.000000000    0.000000000    0.041666667    7.693872927
 1036.500000000    0.000000000    0.041666667    7.835984556
 1037.000000000    0.000000000    0.041666667    7.991453586
 1037.500000000    0.000000000    0.041666667    8.272332372
 1038.000000000    0.000000000    0.041666667    8.657929534
 1038.500000000    0.000000000    0.041666667    9.216956375
 1039.000000000    0.000000000    0.041666667    9.786466183
 1039.500000000    0.000000000    0.041666667   10.340058664
 1040.000000000    0.000000000    0.041666667   10.954435589
 1040.500000000    0.000000000    0.041666667   11.527467379
 1041.000000000    0.000000000    0.041666667   12.125745928
 1041.500000000    0.000000000    0.041666667   12.747329799
 1042.000000000    0.000000000    0.041666667   13.354017166
 1042.500000000    0.000000000    0.041666667   14.004977280
 1043.000000000    0.000000000    0.041666667   14.611141151
 1043.500000000    0.000000000    0.041666667   15.248393966
 1044.000000000    0.000000000    0.041666667   15.881562000
 1044.500000000    0.000000000    0.041666667   16.512262681
 1045.000000000    0.000000000    0.041666667   17.149918852
 1045.500000000    0.000000000    0.041666667   17.776241479
 1046.000000000    0.000000000    0.041666667   18.440493057
 1046.500000000    0.000000000    0.041666667   19.071844267
 1047.000000000    0.000000000    0.041666667   19.742067857
 1047.500000000    0.000000000    0.041666667   20.363515383
 1048.000000000    0.000000000    0.041666667   21.062963130
 1048.500000000    0.000000000    0.041666667   21.684234543
 1049.000000000    0.000000000    0.041666667   22.374666063
 1049.500000000    0.000000000    0.041666667   23.038483178
 1050.000000000    0.000000000    0.041666667   23.721262952
 1030.000000000    0.000000000    0.083333333    9.399404051
 1030.500000000    0.000000000    0.083333333    9.104465740
 1031.000000000    0.000000000    0.083333333    8.818786731
 1031.500000000    0.000000000    0.083333333    8.518225374
 1032.000000000    0.000000000    0.083333333    8.257606672
 1032.500000000    0.000000000    0.083333333    8.007574221
 1033.000000000    0.000000000    0.083333333    7.811326766
 1033.500000000    0.000000000    0.083333333    7.712637493
 1034.000000000    0.000000000    0.083333333    7.667796826
 1034.500000000    0.000000000    0.083333333    7.653743355
 1035.000000000    0.000000000    0.083333333    7.684914628
 1035.500000000    0.000000000    0.083333333    7.705814159
 1036.000000000    0.000000000    0.083333333    7.776521565
 1036.500000000    0.000000000    0.083333333    7.880072528
 1037.000000000    0.000000000    0.083333333    8.027193183
 1037.500000000    0.000000000    0.083333333    8.241716539
 1038.000000000    0.000000000    0.083333333    8.483316330
 1038.500000000    0.000000000    0.083333333    8.921840461
 1039.000000000    0.000000000    0.083333333    9.506886965
 1039.500000000    0.000000000    0.083333333   10.070240265
 1040.000000000    0.000000000    0.083333333   10.627367487
 1040.500000000    0.000000000    0.083333333   11.246005958
 1041.000000000    0.000000000    0.083333333   11.824037367
 1041.500000000    0.000000000    0.083333333   12.435941631
 1042.000000000    0.000000000    0.083333333   13.058422552
 1042.500000000    0.000000000    0.083333333   13.683046447
 1043.000000000    0.000000000    0.083333333   14.329128107
 1043.500000000    0.000000000    0.083333333   14.955451107
 1044.000000000    0.000000000    0.083333333   15.610814700
 1044.500000000    0.000000000    0.083333333   16.268259985
 1045.000000000    0.000000000    0.083333333   16.880288022
 1045.500000000    0.000000000    0.083333333   17.570125358
 1046.000000000    0.000000000    0.083333333   18.222479010
 1046.500000000    0.000000000    0.083333333   18.871715060
 1047.000000000    0.000000000    0.083333333   19.529544888
 1047.500000000    0.000000000    0.083333333   20.219920808
 1048.000000000    0.000000000    0.083333333   20.850285469
 1048.500000000    0.000000000    0.083333333   21.519902302
 1049.000000000    0.000000000    0.083333333   22.213090817
 1049.500000000    0.000000000    0.083333333   22.866722150
 1050.000000000    0.000000000    0.083333333   23.571634619
 1030.000000000    0.000000000    0.125000000   10.306794057
 1030.500000000    0.000000000    0.125000000   10.020897398
 1031.000000000    0.000000000    0.125000000    9.696129663
 1031.500000000    0.000000000    0.125000000    9.455002146
 1032.000000000    0.000000000    0.125000000    9.216488479
 1032.500000000    0.000000000    0.125000000    8.969429368
 1033.000000000    0.000000000    0.125000000    8.755062474
 1033.500000000    0.000000000    0.125000000    8.530604513
 1034.000000000    0.000000000    0.125000000    8.312913170
 1034.500000000    0.000000000    0.125000000    8.127393993
 1035.000000000    0.000000000    0.125000000    8.001615992
 1035.500000000    0.000000000    0.125000000    7.939082803
 1036.000000000    0.000000000    0.125000000    7.957691466
 1036.500000000    0.000000000    0.125000000    8.018552838
 1037.000000000    0.000000000    0.125000000    8.131424198
 1037.500000000    0.000000000    0.125000000    8.268025750
 1038.000000000    0.000000000    0.125000000    8.473800262
 1038.500000000    0.000000000    0.125000000    8.673284249
 1039.000000000    0.000000000    0.125000000    8.989960095
 1039.500000000    0.000000000    0.125000000    9.533012239
 1040.000000000    0.000000000    0.125000000   10.118585499
 1040.500000000    0.000000000    0.125000000   10.732123954
 1041.000000000    0.000000000    0.125000000   11.378279934
 1041.500000000    0.000000000    0.125000000   11.973939789
 1042.000000000    0.000000000    0.125000000   12.578395987
 1042.500000000    0.000000000    0.125000000   13.228057465
 1043.000000000    0.000000000    0.125000000   13.834323129
 1043.500000000    0.000000000    0.125000000   14.501076983
 1044.000000000    0.000000000    0.125000000   15.155737335
 1044.500000000    0.000000000    0.125000000   15.799684031
 1045.000000000    0.000000000    0.125000000   16.461589234
 1045.500000000    0.000000000    0.125000000   17.111484753
 1046.000000000    0.000000000    0.125000000   17.775674397
 1046.500000000    0.000000000    0.125000000   18.463634374
 1047.000000000    0.000000000    0.125000000   19.111080514
 1047.500000000    0.000000000    0.125000000   19.787936611
 1048.000000000    0.000000000    0.125000000   20.465176878
 1048.500000000    0.000000000    0.125000000   21.171399998
 1049.000000000    0.000000000    0.125000000   21.847310988
 1049.500000000    0.000000000    0.125000000   22.526375344
 1050.000000000    0.000000000    0.125000000   23.215969699
 1030.000000000    0.000000000    0.166666667   11.344472086
 1030.500000000    0.000000000    0.166666667   11.050894903
 1031.000000000    0.000000000    0.166666667   10.762565816
 1031.500000000    0.000000000    0.166666667   10.510775959
 1032.000000000    0.000000000    0.166666667   10.286324425
 1032.500000000    0.000000000    0.166666667   10.060453089
 1033.000000000    0.000000000    0.166666667    9.832980810
 1033.500000000    0.000000000    0.166666667    9.603258921
 1034.000000000    0.000000000    0.166666667    9.419140918
 1034.500000000    0.000000000    0.166666667    9.275293024
 1035.000000000    0.000000000    0.166666667    9.128852980
 1035.500000000    0.000000000    0.166666667    9.005884873
 1036.000000000    0.000000000    0.166666667    8.852782892
 1036.500000000    0.000000000    0.166666667    8.743312908
 1037.000000000    0.000000000    0.166666667    8.627860574
 1037.500000000    0.000000000    0.166666667    8.587814448
 1038.000000000    0.000000000    0.166666667    8.669624990
 1038.500000000    0.000000000    0.166666667    8.808269305
 1039.000000000    0.000000000    0.166666667    9.020492574
 1039.500000000    0.000000000    0.166666667    9.289758885
 1040.000000000    0.000000000    0.166666667    9.572328394
 1040.500000000    0.000000000    0.166666667   10.014760448
 1041.000000000    0.000000000    0.166666667   10.597392963
 1041.500000000    0.000000000    0.166666667   11.275272397
 1042.000000000    0.000000000    0.166666667   11.910177255
 1042.500000000    0.000000000    0.166666667   12.535591191
 1043.000000000    0.000000000    0.166666667   13.195430906
 1043.500000000    0.000000000    0.166666667   13.846300216
 1044.000000000    0.000000000    0.166666667   14.507746184
 1044.500000000    0.000000000    0.166666667   15.185022494
 1045.000000000    0.000000000    0.166666667   15.826274874
 1045.500000000    0.000000000    0.166666667   16.515730182
 1046.000000000    0.000000000    0.166666667   17.188958870
 1046.500000000    0.000000000    0.166666667   17.851442331
 1047.000000000    0.000000000    0.166666667   18.561381241
 1047.500000000    0.000000000    0.166666667   19.252476981
 1048.000000000    0.000000000    0.166666667   19.916348020
 1048.500000000    0.000000000    0.166666667   20.622945437
 1049.000000000    0.000000000    0.166666667   21.297877049
 1049.500000000    0.000000000    0.166666667   22.006871784
 1050.000000000    0.000000000    0.166666667   22.728625638
 1030.000000000    0.000000000    0.208333333   12.522366503
 1030.500000000    0.000000000    0.208333333   12.166065676
 1031.000000000    0.000000000    0.208333333   11.872671964
 1031.500000000    0.000000000    0.208333333   11.647223262
 1032.000000000    0.000000000    0.208333333   11.438064789
 1032.500000000    0.000000000    0.208333333   11.202678503
 1033.000000000    0.000000000    0.208333333   10.967037594
 1033.500000000    0.000000000    0.208333333   10.775797674
 1034.000000000    0.000000000    0.208333333   10.621264065
 1034.500000000    0.000000000    0.208333333   10.468298988
 1035.000000000    0.000000000    0.208333333   10.353576904
 1035.500000000    0.000000000    0.208333333   10.247563059
 1036.000000000    0.000000000    0.208333333   10.149126081
 1036.500000000    0.000000000    0.208333333   10.064699920
 1037.000000000    0.000000000    0.208333333   10.000387626
 1037.500000000    0.000000000    0.208333333    9.929033136
 1038.000000000    0.000000000    0.208333333    9.895734908
 1038.500000000    0.000000000    0.208333333    9.864739655
 1039.000000000    0.000000000    0.208333333    9.855102608
 1039.500000000    0.000000000    0.208333333    9.870158928
 1040.000000000    0.000000000    0.208333333    9.908543015
 1040.500000000    0.000000000    0.208333333   10.081579676
 1041.000000000    0.000000000    0.208333333   10.341263609
 1041.500000000    0.000000000    0.208333333   10.847881390
 1042.000000000    0.000000000    0.208333333   11.183935730
 1042.500000000    0.000000000    0.208333333   11.754789343
 1043.000000000    0.000000000    0.208333333   12.247097259
 1043.500000000    0.000000000    0.208333333   12.958555808
 1044.000000000    0.000000000    0.208333333   13.670393405
 1044.500000000    0.000000000    0.208333333   14.369914634
 1045.000000000    0.000000000    0.208333333   15.038825339
 1045.500000000    0.000000000    0.208333333   15.747344447
 1046.000000000    0.000000000    0.208333333   16.434842115
 1046.500000000    0.000000000    0.208333333   17.129651876
 1047.000000000    0.000000000    0.208333333   17.821713677
 1047.500000000    0.000000000    0.208333333   18.529015733
 1048.000000000    0.000000000    0.208333333   19.210796570
 1048.500000000    0.000000000    0.208333333   19.937171182
 1049.000000000    0.000000000    0.208333333   20.646535465
 1049.500000000    0.000000000    0.208333333   21.330735693
 1050.000000000    0.000000000    0.208333333   22.052189941
 1030.000000000    0.000000000    0.250000000   13.907173974
 1030.500000000    0.000000000    0.250000000   13.517664419
 1031.000000000    0.000000000    0.250000000   13.142007543
 1031.500000000    0.000000000    0.250000000   12.872939417
 1032.000000000    0.000000000    0.250000000   12.635511672
 1032.500000000    0.000000000    0.250000000   12.397166481
 1033.000000000    0.000000000    0.250000000   12.199846050
 1033.500000000    0.000000000    0.250000000   12.021073839
 1034.000000000    0.000000000    0.250000000   11.883990327
 1034.500000000    0.000000000    0.250000000   11.743085785
 1035.000000000    0.000000000    0.250000000   11.597320111
 1035.500000000    0.000000000    0.250000000   11.523528071
 1036.000000000    0.000000000    0.250000000   11.447783606
 1036.500000000    0.000000000    0.250000000   11.385164643
 1037.000000000    0.000000000    0.250000000   11.332794698
 1037.500000000    0.000000000    0.250000000   11.316744098
 1038.000000000    0.000000000    0.250000000   11.270220531
 1038.500000000    0.000000000    0.250000000   11.265069386
 1039.000000000    0.000000000    0.250000000   11.269271420
 1039.500000000    0.000000000    0.250000000   11.297805468
 1040.000000000    0.000000000    0.250000000   11.357107433
 1040.500000000    0.000000000    0.250000000   11.447626585
 1041.000000000    0.000000000    0.250000000   11.588120041
 1041.500000000    0.000000000    0.250000000   11.747519532
 1042.000000000    0.000000000    0.250000000   11.936033098
 1042.500000000    0.000000000    0.250000000   12.168983417
 1043.000000000    0.000000000    0.250000000   12.436721148
 1043.500000000    0.000000000    0.250000000   12.824357813
 1044.000000000    0.000000000    0.250000000   13.168275030
 1044.500000000    0.000000000    0.250000000   13.726108288
 1045.000000000    0.000000000    0.250000000   14.405735070
 1045.500000000    0.000000000    0.250000000   14.921662910
 1046.000000000    0.000000000    0.250000000   15.554709034
 1046.500000000    0.000000000    0.250000000   16.260053357
 1047.000000000    0.000000000    0.250000000   16.972118942
 1047.500000000    0.000000000    0.250000000   17.689745734
 1048.000000000    0.000000000    0.250000000   18.410134083
 1048.500000000    0.000000000    0.250000000   19.114345079
 1049.000000000    0.000000000    0.250000000   19.838043349
 1049.500000000    0.000000000    0.250000000   20.575014362
 1050.000000000    0.000000000    0.250000000   21.292705229
 1030.000000000    0.000000000    0.291666667   15.609598393
 1030.500000000    0.000000000    0.291666667   15.198900504
 1031.000000000    0.000000000    0.291666667   14.771156432
 1031.500000000    0.000000000    0.291666667   14.391165925
 1032.000000000    0.000000000    0.291666667   13.995336508
 1032.500000000    0.000000000    0.291666667   13.706421433
 1033.000000000    0.000000000    0.291666667   13.495201850
 1033.500000000    0.000000000    0.291666667   13.322291663
 1034.000000000    0.000000000    0.291666667   13.156849938
 1034.500000000    0.000000000    0.291666667   13.028427167
 1035.000000000    0.000000000    0.291666667   12.921777973
 1035.500000000    0.000000000    0.291666667   12.826512428
 1036.000000000    0.000000000    0.291666667   12.761089718
 1036.500000000    0.000000000    0.291666667   12.711926783
 1037.000000000    0.000000000    0.291666667   12.686334969
 1037.500000000    0.000000000    0.291666667   12.653509574
 1038.000000000    0.000000000    0.291666667   12.645087624
 1038.500000000    0.000000000    0.291666667   12.640926288
 1039.000000000    0.000000000    0.291666667   12.680351967
 1039.500000000    0.000000000    0.291666667   12.720063934
 1040.000000000    0.000000000    0.291666667   12.777771568
 1040.500000000    0.000000000    0.291666667   12.837048108
 1041.000000000    0.000000000    0.291666667   12.944067596
 1041.500000000    0.000000000    0.291666667   13.086151658
 1042.000000000    0.000000000    0.291666667   13.265878474
 1042.500000000    0.000000000    0.291666667   13.442537049
 1043.000000000    0.000000000    0.291666667   13.679608284
 1043.500000000    0.000000000    0.291666667   13.930246281
 1044.000000000    0.000000000    0.291666667   14.216459682
 1044.500000000    0.000000000    0.291666667   14.551144047
 1045.000000000    0.000000000    0.291666667   14.886912564
 1045.500000000    0.000000000    0.291666667   15.272960858
 1046.000000000    0.000000000    0.291666667   15.649469243
 1046.500000000    0.000000000    0.291666667   16.154412786
 1047.000000000    0.000000000    0.291666667   16.636742512
 1047.500000000    0.000000000    0.291666667   17.312991200
 1048.000000000    0.000000000    0.291666667   17.735955352
 1048.500000000    0.000000000    0.291666667   18.501979439
 1049.000000000    0.000000000    0.291666667   19.171009818
 1049.500000000    0.000000000    0.291666667   19.834123505
 1050.000000000    0.000000000    0.291666667   20.520367799
 1030.000000000    0.000000000    0.333333333   17.263304302
 1030.500000000    0.000000000    0.333333333   16.843385203
 1031.000000000    0.000000000    0.333333333   16.464446997
 1031.500000000    0.000000000    0.333333333   16.080253618
 1032.000000000    0.000000000    0.333333333   15.713022137
 1032.500000000    0.000000000    0.333333333   15.390192112
 1033.000000000    0.000000000    0.333333333   15.057181241
 1033.500000000    0.000000000    0.333333333   14.791858708
 1034.000000000    0.000000000    0.333333333   14.538820134
 1034.500000000    0.000000000    0.333333333   14.336598245
 1035.000000000    0.000000000    0.333333333   14.200876700
 1035.500000000    0.000000000    0.333333333   14.125154028
 1036.000000000    0.000000000    0.333333333   14.080762817
 1036.500000000    0.000000000    0.333333333   14.051967161
 1037.000000000    0.000000000    0.333333333   14.042428276
 1037.500000000    0.000000000    0.333333333   14.008138189
 1038.000000000    0.000000000    0.333333333   14.012404205
 1038.500000000    0.000000000    0.333333333   14.006540040
 1039.000000000    0.000000000    0.333333333   14.032801939
 1039.500000000    0.000000000    0.333333333   14.068952342
 1040.000000000    0.000000000    0.333333333   14.135309635
 1040.500000000    0.000000000    0.333333333   14.230389753
 1041.000000000    0.000000000    0.333333333   14.327718550
 1041.500000000    0.000000000    0.333333333   14.430499962
 1042.000000000    0.000000000    0.333333333   14.582840493
 1042.500000000    0.000000000    0.333333333   14.758822182
 1043.000000000    0.000000000    0.333333333   14.932496892
 1043.500000000    0.000000000    0.333333333   15.137221711
 1044.000000000    0.000000000    0.333333333   15.381549345
 1044.500000000    0.000000000    0.333333333   15.651951311
 1045.000000000    0.000000000    0.333333333   15.944126016
 1045.500000000    0.000000000    0.333333333   16.261995910
 1046.000000000    0.000000000    0.333333333   16.625888878
 1046.500000000    0.000000000    0.333333333   16.985608498
 1047.000000000    0.000000000    0.333333333   17.371560307
 1047.500000000    0.000000000    0.333333333   17.791490955
 1048.000000000    0.000000000    0.333333333   18.263685098
 1048.500000000    0.000000000    0.333333333   18.714508554
 1049.000000000    0.000000000    0.333333333   19.257425191
 1049.500000000    0.000000000    0.333333333   19.758512313
 1050.000000000    0.000000000    0.333333333   20.405398821
 1030.000000000    0.000000000    0.375000000   18.927185563
 1030.500000000    0.000000000    0.375000000   18.535647402
 1031.000000000    0.000000000    0.375000000   18.166668294
 1031.500000000    0.000000000    0.375000000   17.790653137
 1032.000000000    0.000000000    0.375000000   17.440907797
 1032.500000000    0.000000000    0.375000000   17.089829454
 1033.000000000    0.000000000    0.375000000   16.757260403
 1033.500000000    0.000000000    0.375000000   16.452288209
 1034.000000000    0.000000000    0.375000000   16.178428521
 1034.500000000    0.000000000    0.375000000   15.917846607
 1035.000000000    0.000000000    0.375000000   15.727921156
 1035.500000000    0.000000000    0.375000000   15.555815911
 1036.000000000    0.000000000    0.375000000   15.450092545
 1036.500000000    0.000000000    0.375000000   15.382835129
 1037.000000000    0.000000000    0.375000000   15.336314822
 1037.500000000    0.000000000    0.375000000   15.343093546
 1038.000000000    0.000000000    0.375000000   15.316522447
 1038.500000000    0.000000000    0.375000000   15.326704970
 1039.000000000    0.000000000    0.375000000   15.354053630
 1039.500000000    0.000000000    0.375000000   15.396194020
 1040.000000000    0.000000000    0.375000000   15.487340884
 1040.500000000    0.000000000    0.375000000   15.547119221
 1041.000000000    0.000000000    0.375000000   15.667807637
 1041.500000000    0.000000000    0.375000000   15.767206857
 1042.000000000    0.000000000    0.375000000   15.881771175
 1042.500000000    0.000000000    0.375000000   15.996065410
 1043.000000000    0.000000000    0.375000000   16.158302920
 1043.500000000    0.000000000    0.375000000   16.359658213
 1044.000000000    0.000000000    0.375000000   16.581773618
 1044.500000000    0.000000000    0.375000000   16.809460660
 1045.000000000    0.000000000    0.375000000   17.032595025
 1045.500000000    0.000000000    0.375000000   17.318664817
 1046.000000000    0.000000000    0.375000000   17.628140049
 1046.500000000    0.000000000    0.375000000   17.974351207
 1047.000000000    0.000000000    0.375000000   18.288208405
 1047.500000000    0.000000000    0.375000000   18.685033219
 1048.000000000    0.000000000    0.375000000   19.046458090
 1048.500000000    0.000000000    0.375000000   19.453922892
 1049.000000000    0.000000000    0.375000000   19.892817969
 1049.500000000    0.000000000    0.375000000   20.322031947
 1050.000000000    0.000000000    0.375000000   20.840197196
 1028.000000000    0.000000000    0.000000000   10.154710943
 1026.000000000    0.000000000    0.000000000   12.499737507
 1024.000000000    0.000000000    0.000000000   14.917323226
 1022.000000000    0.000000000    0.000000000   17.438929854
 1020.000000000    0.000000000    0.000000000   20.023832424
 1018.000000000    0.000000000    0.000000000   22.642203933
 1016.000000000    0.000000000    0.000000000   25.265220692
 1014.000000000    0.000000000    0.000000000   27.910563583
 1012.000000000    0.000000000    0.000000000   30.616027815
 1010.000000000    0.000000000    0.000000000   33.338529291
 1008.000000000    0.000000000    0.000000000   36.083728960
 1028.000000000    0.000000000    0.041666667   10.313401790
 1026.000000000    0.000000000    0.041666667   12.622891227
 1024.000000000    0.000000000    0.041666667   15.116449678
 1022.000000000    0.000000000    0.041666667   17.610522499
 1020.000000000    0.000000000    0.041666667   20.119502256
 1018.000000000    0.000000000    0.041666667   22.738799406
 1016.000000000    0.000000000    0.041666667   25.379732857
 1014.000000000    0.000000000    0.041666667   28.062421968
 1012.000000000    0.000000000    0.041666667   30.724541051
 1010.000000000    0.000000000    0.041666667   33.456112491
 1008.000000000    0.000000000    0.041666667   36.199124856
 1028.000000000    0.000000000    0.083333333   10.914492188
 1026.000000000    0.000000000    0.083333333   13.045870373
 1024.000000000    0.000000000    0.083333333   15.469742706
 1022.000000000    0.000000000    0.083333333   17.952884687
 1020.000000000    0.000000000    0.083333333   20.532901352
 1018.000000000    0.000000000    0.083333333   23.114173720
 1016.000000000    0.000000000    0.083333333   25.772297895
 1014.000000000    0.000000000    0.083333333   28.465553513
 1012.000000000    0.000000000    0.083333333   31.242744764
 1010.000000000    0.000000000    0.083333333   34.018014511
 1008.000000000    0.000000000    0.083333333   36.779793398
 1028.000000000    0.000000000    0.125000000   11.785674142
 1026.000000000    0.000000000    0.125000000   13.711771043
 1024.000000000    0.000000000    0.125000000   16.095797019
 1022.000000000    0.000000000    0.125000000   18.646417605
 1020.000000000    0.000000000    0.125000000   21.236601518
 1018.000000000    0.000000000    0.125000000   23.935725680
 1016.000000000    0.000000000    0.125000000   26.639024774
 1014.000000000    0.000000000    0.125000000   29.289439740
 1012.000000000    0.000000000    0.125000000   32.009420590
 1010.000000000    0.000000000    0.125000000   34.754043212
 1008.000000000    0.000000000    0.125000000   37.498674681
 1028.000000000    0.000000000    0.166666667   12.803070759
 1026.000000000    0.000000000    0.166666667   14.716417296
 1024.000000000    0.000000000    0.166666667   17.133010877
 1022.000000000    0.000000000    0.166666667   19.730835455
 1020.000000000    0.000000000    0.166666667   22.322273301
 1018.000000000    0.000000000    0.166666667   24.949030345
 1016.000000000    0.000000000    0.166666667   27.599207545
 1014.000000000    0.000000000    0.166666667   30.276754266
 1012.000000000    0.000000000    0.166666667   32.944361819
 1010.000000000    0.000000000    0.166666667   35.600373195
 1008.000000000    0.000000000    0.166666667   38.306095777
 1028.000000000    0.000000000    0.208333333   14.093948202
 1026.000000000    0.000000000    0.208333333   16.128741344
 1024.000000000    0.000000000    0.208333333   18.445591116
 1022.000000000    0.000000000    0.208333333   20.974818291
 1020.000000000    0.000000000    0.208333333   23.549869051
 1018.000000000    0.000000000    0.208333333   26.071549347
 1016.000000000    0.000000000    0.208333333   28.673481988
 1014.000000000    0.000000000    0.208333333   31.295073172
 1012.000000000    0.000000000    0.208333333   33.878395380
 1010.000000000    0.000000000    0.208333333   36.537837470
 1008.000000000    0.000000000    0.208333333   39.226241736
 1028.000000000    0.000000000    0.250000000   15.678826021
 1026.000000000    0.000000000    0.250000000   17.596802628
 1024.000000000    0.000000000    0.250000000   19.779731473
 1022.000000000    0.000000000    0.250000000   22.203821922
 1020.000000000    0.000000000    0.250000000   24.693140993
 1018.000000000    0.000000000    0.250000000   27.272424707
 1016.000000000    0.000000000    0.250000000   29.787806282
 1014.000000000    0.000000000    0.250000000   32.330265222
 1012.000000000    0.000000000    0.250000000   34.932410205
 1010.000000000    0.000000000    0.250000000   37.509412179
 1008.000000000    0.000000000    0.250000000   40.138001693
 1028.000000000    0.000000000    0.291666667   17.265189672
 1026.000000000    0.000000000    0.291666667   19.122769171
 1024.000000000    0.000000000    0.291666667   21.179029299
 1022.000000000    0.000000000    0.291666667   23.521892866
 1020.000000000    0.000000000    0.291666667   25.914558256
 1018.000000000    0.000000000    0.291666667   28.414445603
 1016.000000000    0.000000000    0.291666667   30.949173262
 1014.000000000    0.000000000    0.291666667   33.494056156
 1012.000000000    0.000000000    0.291666667   36.062389845
 1010.000000000    0.000000000    0.291666667   38.644220913
 1008.000000000    0.000000000    0.291666667   41.203675279
 1028.000000000    0.000000000    0.333333333   18.911984609
 1026.000000000    0.000000000    0.333333333   20.743325865
 1024.000000000    0.000000000    0.333333333   22.615675768
 1022.000000000    0.000000000    0.333333333   24.837457528
 1020.000000000    0.000000000    0.333333333   27.214461332
 1018.000000000    0.000000000    0.333333333   29.669464799
 1016.000000000    0.000000000    0.333333333   32.176567195
 1014.000000000    0.000000000    0.333333333   34.697474586
 1012.000000000    0.000000000    0.333333333   37.236486236
 1010.000000000    0.000000000    0.333333333   39.788523177
 1008.000000000    0.000000000    0.333333333   42.348686559
 1028.000000000    0.000000000    0.375000000   20.533909323
 1026.000000000    0.000000000    0.375000000   22.345127864
 1024.000000000    0.000000000    0.375000000   24.221749837
 1022.000000000    0.000000000    0.375000000   26.366892224
 1020.000000000    0.000000000    0.375000000   28.661887301
 1018.000000000    0.000000000    0.375000000   31.006309064
 1016.000000000    0.000000000    0.375000000   33.399274154
 1014.000000000    0.000000000    0.375000000   35.922578862
 1012.000000000    0.000000000    0.375000000   38.427135488
 1010.000000000    0.000000000    0.375000000   40.954023460
 1008.000000000    0.000000000    0.375000000   43.497921573
 1052.000000000    0.000000000    0.000000000   26.458228426
 1054.000000000    0.000000000    0.000000000   29.266120913
 1056.000000000    0.000000000    0.000000000   32.119070785
 1058.000000000    0.000000000    0.000000000   35.056609148
 1060.000000000    0.000000000    0.000000000   38.013918186
 1062.000000000    0.000000000    0.000000000   41.000930639
 1064.000000000    0.000000000    0.000000000   43.946885271
 1066.000000000    0.000000000    0.000000000   46.850407915
 1068.000000000    0.000000000    0.000000000   49.775712145
 1070.000000000    0.000000000    0.000000000   52.699408354
 1072.000000000    0.000000000    0.000000000   55.654866481
 1052.000000000    0.000000000    0.041666667   26.463720994
 1054.000000000    0.000000000    0.041666667   29.280971037
 1056.000000000    0.000000000    0.041666667   32.090240484
 1058.000000000    0.000000000    0.041666667   34.978331299
 1060.000000000    0.000000000    0.041666667   37.953909906
 1062.000000000    0.000000000    0.041666667   40.926438244
 1064.000000000    0.000000000    0.041666667   43.867421011
 1066.000000000    0.000000000    0.041666667   46.814327361
 1068.000000000    0.000000000    0.041666667   49.743995769
 1070.000000000    0.000000000    0.041666667   52.689756034
 1072.000000000    0.000000000    0.041666667   55.609015981
 1052.000000000    0.000000000    0.083333333   26.334734960
 1054.000000000    0.000000000    0.083333333   29.148306279
 1056.000000000    0.000000000    0.083333333   31.969152065
 1058.000000000    0.000000000    0.083333333   34.864090523
 1060.000000000    0.000000000    0.083333333   37.781993905
 1062.000000000    0.000000000    0.083333333   40.764166275
 1064.000000000    0.000000000    0.083333333   43.670420488
 1066.000000000    0.000000000    0.083333333   46.652098885
 1068.000000000    0.000000000    0.083333333   49.574783491
 1070.000000000    0.000000000    0.083333333   52.547507593
 1072.000000000    0.000000000    0.083333333   55.518763652
 1052.000000000    0.000000000    0.125000000   26.011451753
 1054.000000000    0.000000000    0.125000000   28.836884489
 1056.000000000    0.000000000    0.125000000   31.702228403
 1058.000000000    0.000000000    0.125000000   34.632110549
 1060.000000000    0.000000000    0.125000000   37.559417309
 1062.000000000    0.000000000    0.125000000   40.496715484
 1064.000000000    0.000000000    0.125000000   43.419570522
 1066.000000000    0.000000000    0.125000000   46.392400889
 1068.000000000    0.000000000    0.125000000   49.381667236
 1070.000000000    0.000000000    0.125000000   52.313523600
 1072.000000000    0.000000000    0.125000000   55.297735939
 1052.000000000    0.000000000    0.166666667   25.567307277
 1054.000000000    0.000000000    0.166666667   28.446073690
 1056.000000000    0.000000000    0.166666667   31.313735852
 1058.000000000    0.000000000    0.166666667   34.225758957
 1060.000000000    0.000000000    0.166666667   37.241658615
 1062.000000000    0.000000000    0.166666667   40.210674098
 1064.000000000    0.000000000    0.166666667   43.123860424
 1066.000000000    0.000000000    0.166666667   46.053461591
 1068.000000000    0.000000000    0.166666667   48.998644529
 1070.000000000    0.000000000    0.166666667   51.953105396
 1072.000000000    0.000000000    0.166666667   54.894941533
 1052.000000000    0.000000000    0.208333333   24.948191596
 1054.000000000    0.000000000    0.208333333   27.885778947
 1056.000000000    0.000000000    0.208333333   30.847625202
 1058.000000000    0.000000000    0.208333333   33.777533332
 1060.000000000    0.000000000    0.208333333   36.812397977
 1062.000000000    0.000000000    0.208333333   39.763832325
 1064.000000000    0.000000000    0.208333333   42.719747638
 1066.000000000    0.000000000    0.208333333   45.667708339
 1068.000000000    0.000000000    0.208333333   48.598738620
 1070.000000000    0.000000000    0.208333333   51.513620233
 1072.000000000    0.000000000    0.208333333   54.474012973
 1052.000000000    0.000000000    0.250000000   24.225054821
 1054.000000000    0.000000000    0.250000000   27.198937954
 1056.000000000    0.000000000    0.250000000   30.196124921
 1058.000000000    0.000000000    0.250000000   33.230017731
 1060.000000000    0.000000000    0.250000000   36.206837883
 1062.000000000    0.000000000    0.250000000   39.228687854
 1064.000000000    0.000000000    0.250000000   42.203986971
 1066.000000000    0.000000000    0.250000000   45.167210093
 1068.000000000    0.000000000    0.250000000   48.095880495
 1070.000000000    0.000000000    0.250000000   51.005365374
 1072.000000000    0.000000000    0.250000000   53.936293582
 1052.000000000    0.000000000    0.291666667   23.405682342
 1054.000000000    0.000000000    0.291666667   26.403264934
 1056.000000000    0.000000000    0.291666667   29.408009211
 1058.000000000    0.000000000    0.291666667   32.446209295
 1060.000000000    0.000000000    0.291666667   35.482884152
 1062.000000000    0.000000000    0.291666667   38.504371373
 1064.000000000    0.000000000    0.291666667   41.470333515
 1066.000000000    0.000000000    0.291666667   44.425159087
 1068.000000000    0.000000000    0.291666667   47.405811725
 1070.000000000    0.000000000    0.291666667   50.348546496
 1072.000000000    0.000000000    0.291666667   53.265779233
 1052.000000000    0.000000000    0.333333333   22.992607718
 1054.000000000    0.000000000    0.333333333   25.818596082
 1056.000000000    0.000000000    0.333333333   28.700949671
 1058.000000000    0.000000000    0.333333333   31.690521305
 1060.000000000    0.000000000    0.333333333   34.726303397
 1062.000000000    0.000000000    0.333333333   37.747991038
 1064.000000000    0.000000000    0.333333333   40.707398439
 1066.000000000    0.000000000    0.333333333   43.699294655
 1068.000000000    0.000000000    0.333333333   46.671007434
 1070.000000000    0.000000000    0.333333333   49.629803607
 1072.000000000    0.000000000    0.333333333   52.592114499
 1052.000000000    0.000000000    0.375000000   22.994586313
 1054.000000000    0.000000000    0.375000000   25.538952788
 1056.000000000    0.000000000    0.375000000   28.350784862
 1058.000000000    0.000000000    0.375000000   31.206866028
 1060.000000000    0.000000000    0.375000000   34.149842011
 1062.000000000    0.000000000    0.375000000   37.115429109
 1064.000000000    0.000000000    0.375000000   40.003156522
 1066.000000000    0.000000000    0.375000000   42.912544450
 1068.000000000    0.000000000    0.375000000   45.818223385
 1070.000000000    0.000000000    0.375000000   48.750348436
 1072.000000000    0.000000000    0.375000000   51.678882586
