 1030.000000000    0.000000000    0.000000000   20.982483355
 1030.500000000    0.000000000    0.000000000   20.963971550
 1031.000000000    0.000000000    0.000000000   20.934973797
 1031.500000000    0.000000000    0.000000000   20.916904369
 1032.000000000    0.000000000    0.000000000   20.897762710
 1032.500000000    0.000000000    0.000000000   20.889354451
 1033.000000000    0.000000000    0.000000000   20.911253570
 1033.500000000    0.000000000    0.000000000   20.916322293
 1034.000000000    0.000000000    0.000000000   20.951251918
 1034.500000000    0.000000000    0.000000000   20.977163827
 1035.000000000    0.000000000    0.000000000   21.000295551
 1035.500000000    0.000000000    0.000000000   20.998972980
 1036.000000000    0.000000000    0.000000000   21.025227336
 1036.500000000    0.000000000    0.000000000   21.030412568
 1037.000000000    0.000000000    0.000000000   21.028459305
 1037.500000000    0.000000000    0.000000000   21.061439859
 1038.000000000    0.000000000    0.000000000   21.113999235
 1038.500000000    0.000000000    0.000000000   21.169518726
 1039.000000000    0.000000000    0.000000000   21.205798769
 1039.500000000    0.000000000    0.000000000   21.262928145
 1040.000000000    0.000000000    0.000000000   21.314214310
 1040.500000000    0.000000000    0.000000000   21.373128472
 1041.000000000    0.000000000    0.000000000   21.447158745
 1041.500000000    0.000000000    0.000000000   21.509449789
 1042.000000000    0.000000000    0.000000000   21.596826473
 1042.500000000    0.000000000    0.000000000   21.704672324
 1043.000000000    0.000000000    0.000000000   21.780189080
 1043.500000000    0.000000000    0.000000000   21.865911735
 1044.000000000    0.000000000    0.000000000   21.945450874
 1044.500000000    0.000000000    0.000000000   22.031278023
 1045.000000000    0.000000000    0.000000000   22.127672983
 1045.500000000    0.000000000    0.000000000   22.247685352
 1046.000000000    0.000000000    0.000000000   22.365598613
 1046.500000000    0.000000000    0.000000000   22.482030047
 1047.000000000    0.000000000    0.000000000   22.619835241
 1047.500000000    0.000000000    0.000000000   22.751288908
 1048.000000000    0.000000000    0.000000000   22.889265837
 1048.500000000    0.000000000    0.000000000   23.066513287
 1049.000000000    0.000000000    0.000000000   23.196870415
 1049.500000000    0.000000000    0.000000000   23.377541127
 1050.000000000    0.000000000    0.000000000   23.516159831
 1030.000000000    0.000000000    0.041666667   21.150764870
 1030.500000000    0.000000000    0.041666667   21.146511892
 1031.000000000    0.000000000    0.041666667   21.127771819
 1031.500000000    0.000000000    0.041666667   21.093224781
 1032.000000000    0.000000000    0.041666667   21.062626271
 1032.500000000    0.000000000    0.041666667   21.035873936
 1033.000000000    0.000000000    0.041666667   21.053079097
 1033.500000000    0.000000000    0.041666667   21.062682336
 1034.000000000    0.000000000    0.041666667   21.065520635
 1034.500000000    0.000000000    0.041666667   21.085260203
 1035.000000000    0.000000000    0.041666667   21.102902340
 1035.500000000    0.000000000    0.041666667   21.121445438
 1036.000000000    0.000000000    0.041666667   21.115724044
 1036.500000000    0.000000000    0.041666667   21.159181977
 1037.000000000    0.000000000    0.041666667   21.210660273
 1037.500000000    0.000000000    0.041666667   21.264092298
 1038.000000000    0.000000000    0.041666667   21.247602114
 1038.500000000    0.000000000    0.041666667   21.275790734
 1039.000000000    0.000000000    0.041666667   21.355558233
 1039.500000000    0.000000000    0.041666667   21.425255248
 1040.000000000    0.000000000    0.041666667   21.478130249
 1040.500000000    0.000000000    0.041666667   21.558175096
 1041.000000000    0.000000000    0.041666667   21.624554368
 1041.500000000    0.000000000    0.041666667   21.633393085
 1042.000000000    0.000000000    0.041666667   21.720348718
 1042.500000000    0.000000000    0.041666667   21.807767684
 1043.000000000    0.000000000    0.041666667   21.894540219
 1043.500000000    0.000000000    0.041666667   21.941588493
 1044.000000000    0.000000000    0.041666667   22.007294884
 1044.500000000    0.000000000    0.041666667   22.110011289
 1045.000000000    0.000000000    0.041666667   22.256650077
 1045.500000000    0.000000000    0.041666667   22.375470074
 1046.000000000    0.000000000    0.041666667   22.473539738
 1046.500000000    0.000000000    0.041666667   22.621296579
 1047.000000000    0.000000000    0.041666667   22.725725500
 1047.500000000    0.000000000    0.041666667   22.895521158
 1048.000000000    0.000000000    0.041666667   23.029904952
 1048.500000000    0.000000000    0.041666667   23.146926006
 1049.000000000    0.000000000    0.041666667   23.305770615
 1049.500000000    0.000000000    0.041666667   23.452713201
 1050.000000000    0.000000000    0.041666667   23.642820911
 1030.000000000    0.000000000    0.083333333   21.429526480
 1030.500000000    0.000000000    0.083333333   21.416532109
 1031.000000000    0.000000000    0.083333333   21.379829897
 1031.500000000    0.000000000    0.083333333   21.400442114
 1032.000000000    0.000000000    0.083333333   21.380156046
 1032.500000000    0.000000000    0.083333333   21.337716514
 1033.000000000    0.000000000    0.083333333   21.361120092
 1033.500000000    0.000000000    0.083333333   21.355068637
 1034.000000000    0.000000000    0.083333333   21.357945120
 1034.500000000    0.000000000    0.083333333   21.372646419
 1035.000000000    0.000000000    0.083333333   21.353455400
 1035.500000000    0.000000000    0.083333333   21.390369395
 1036.000000000    0.000000000    0.083333333   21.397212381
 1036.500000000    0.000000000    0.083333333   21.429864923
 1037.000000000    0.000000000    0.083333333   21.451234585
 1037.500000000    0.000000000    0.083333333   21.510901442
 1038.000000000    0.000000000    0.083333333   21.539047128
 1038.500000000    0.000000000    0.083333333   21.592010045
 1039.000000000    0.000000000    0.083333333   21.644673729
 1039.500000000    0.000000000    0.083333333   21.717156423
 1040.000000000    0.000000000    0.083333333   21.777551761
 1040.500000000    0.000000000    0.083333333   21.820804896
 1041.000000000    0.000000000    0.083333333   21.898727352
 1041.500000000    0.000000000    0.083333333   21.977096098
 1042.000000000    0.000000000    0.083333333   22.073597787
 1042.500000000    0.000000000    0.083333333   22.129133390
 1043.000000000    0.000000000    0.083333333   22.207395593
 1043.500000000    0.000000000    0.083333333   22.262420179
 1044.000000000    0.000000000    0.083333333   22.379561653
 1044.500000000    0.000000000    0.083333333   22.497274680
 1045.000000000    0.000000000    0.083333333   22.603402426
 1045.500000000    0.000000000    0.083333333   22.732364433
 1046.000000000    0.000000000    0.083333333   22.813976509
 1046.500000000    0.000000000    0.083333333   22.941441694
 1047.000000000    0.000000000    0.083333333   23.034023447
 1047.500000000    0.000000000    0.083333333   23.168686824
 1048.000000000    0.000000000    0.083333333   23.314641835
 1048.500000000    0.000000000    0.083333333   23.458577739
 1049.000000000    0.000000000    0.083333333   23.577204114
 1049.500000000    0.000000000    0.083333333   23.732269043
 1050.000000000    0.000000000    0.083333333   23.890595185
 1030.000000000    0.000000000    0.125000000   21.910239616
 1030.500000000    0.000000000    0.125000000   21.916877152
 1031.000000000    0.000000000    0.125000000   21.894547855
 1031.500000000    0.000000000    0.125000000   21.890640119
 1032.000000000    0.000000000    0.125000000   21.887466824
 1032.500000000    0.000000000    0.125000000   21.875452949
 1033.000000000    0.000000000    0.125000000   21.859361092
 1033.500000000    0.000000000    0.125000000   21.868925868
 1034.000000000    0.000000000    0.125000000   21.873157239
 1034.500000000    0.000000000    0.125000000   21.890187124
 1035.000000000    0.000000000    0.125000000   21.907848259
 1035.500000000    0.000000000    0.125000000   21.941520041
 1036.000000000    0.000000000    0.125000000   21.955009317
 1036.500000000    0.000000000    0.125000000   22.004704131
 1037.000000000    0.000000000    0.125000000   22.014143830
 1037.500000000    0.000000000    0.125000000   22.049662052
 1038.000000000    0.000000000    0.125000000   22.091444349
 1038.500000000    0.000000000    0.125000000   22.110053292
 1039.000000000    0.000000000    0.125000000   22.131315479
 1039.500000000    0.000000000    0.125000000   22.183802305
 1040.000000000    0.000000000    0.125000000   22.233273881
 1040.500000000    0.000000000    0.125000000   22.330781119
 1041.000000000    0.000000000    0.125000000   22.415363463
 1041.500000000    0.000000000    0.125000000   22.480853973
 1042.000000000    0.000000000    0.125000000   22.549342224
 1042.500000000    0.000000000    0.125000000   22.587472433
 1043.000000000    0.000000000    0.125000000   22.656980762
 1043.500000000    0.000000000    0.125000000   22.758540930
 1044.000000000    0.000000000    0.125000000   22.835690109
 1044.500000000    0.000000000    0.125000000   22.953090211
 1045.000000000    0.000000000    0.125000000   23.090211162
 1045.500000000    0.000000000    0.125000000   23.226750037
 1046.000000000    0.000000000    0.125000000   23.323797109
 1046.500000000    0.000000000    0.125000000   23.435981432
 1047.000000000    0.000000000    0.125000000   23.586160457
 1047.500000000    0.000000000    0.125000000   23.677942669
 1048.000000000    0.000000000    0.125000000   23.798400210
 1048.500000000    0.000000000    0.125000000   23.942841077
 1049.000000000    0.000000000    0.125000000   24.095407361
 1049.500000000    0.000000000    0.125000000   24.254917772
 1050.000000000    0.000000000    0.125000000   24.404788809
 1030.000000000    0.000000000    0.166666667   22.605795739
 1030.500000000    0.000000000    0.166666667   22.584835486
 1031.000000000    0.000000000    0.166666667   22.544429032
 1031.500000000    0.000000000    0.166666667   22.542085266
 1032.000000000    0.000000000    0.166666667   22.538826382
 1032.500000000    0.000000000    0.166666667   22.538795462
 1033.000000000    0.000000000    0.166666667   22.540545883
 1033.500000000    0.000000000    0.166666667   22.537702834
 1034.000000000    0.000000000    0.166666667   22.560953023
 1034.500000000    0.000000000    0.166666667   22.566521866
 1035.000000000    0.000000000    0.166666667   22.598952474
 1035.500000000    0.000000000    0.166666667   22.599341674
 1036.000000000    0.000000000    0.166666667   22.614622349
 1036.500000000    0.000000000    0.166666667   22.644844325
 1037.000000000    0.000000000    0.166666667   22.691250918
 1037.500000000    0.000000000    0.166666667   22.694456158
 1038.000000000    0.000000000    0.166666667   22.728708433
 1038.500000000    0.000000000    0.166666667   22.751018079
 1039.000000000    0.000000000    0.166666667   22.791153332
 1039.500000000    0.000000000    0.166666667   22.822766518
 1040.000000000    0.000000000    0.166666667   22.835797956
 1040.500000000    0.000000000    0.166666667   22.901647398
 1041.000000000    0.000000000    0.166666667   22.957424773
 1041.500000000    0.000000000    0.166666667   23.022101587
 1042.000000000    0.000000000    0.166666667   23.073922424
 1042.500000000    0.000000000    0.166666667   23.175626108
 1043.000000000    0.000000000    0.166666667   23.237309186
 1043.500000000    0.000000000    0.166666667   23.344478523
 1044.000000000    0.000000000    0.166666667   23.410543194
 1044.500000000    0.000000000    0.166666667   23.504283791
 1045.000000000    0.000000000    0.166666667   23.617520975
 1045.500000000    0.000000000    0.166666667   23.683974566
 1046.000000000    0.000000000    0.166666667   23.776538623
 1046.500000000    0.000000000    0.166666667   23.915427038
 1047.000000000    0.000000000    0.166666667   24.042883934
 1047.500000000    0.000000000    0.166666667   24.171084771
 1048.000000000    0.000000000    0.166666667   24.327341514
 1048.500000000    0.000000000    0.166666667   24.462351995
 1049.000000000    0.000000000    0.166666667   24.584869994
 1049.500000000    0.000000000    0.166666667   24.753848789
 1050.000000000    0.000000000    0.166666667   24.889520882
 1030.000000000    0.000000000    0.208333333   23.604719853
 1030.500000000    0.000000000    0.208333333   23.597376840
 1031.000000000    0.000000000    0.208333333   23.562659649
 1031.500000000    0.000000000    0.208333333   23.552241689
 1032.000000000    0.000000000    0.208333333   23.544313805
 1032.500000000    0.000000000    0.208333333   23.520417931
 1033.000000000    0.000000000    0.208333333   23.503795872
 1033.500000000    0.000000000    0.208333333   23.534712335
 1034.000000000    0.000000000    0.208333333   23.563171318
 1034.500000000    0.000000000    0.208333333   23.568681302
 1035.000000000    0.000000000    0.208333333   23.568634549
 1035.500000000    0.000000000    0.208333333   23.580844933
 1036.000000000    0.000000000    0.208333333   23.590104887
 1036.500000000    0.000000000    0.208333333   23.607067252
 1037.000000000    0.000000000    0.208333333   23.574400553
 1037.500000000    0.000000000    0.208333333   23.597615818
 1038.000000000    0.000000000    0.208333333   23.632203834
 1038.500000000    0.000000000    0.208333333   23.645121371
 1039.000000000    0.000000000    0.208333333   23.664218327
 1039.500000000    0.000000000    0.208333333   23.708843486
 1040.000000000    0.000000000    0.208333333   23.764168611
 1040.500000000    0.000000000    0.208333333   23.816246586
 1041.000000000    0.000000000    0.208333333   23.858395452
 1041.500000000    0.000000000    0.208333333   23.911834648
 1042.000000000    0.000000000    0.208333333   23.982270015
 1042.500000000    0.000000000    0.208333333   24.024902610
 1043.000000000    0.000000000    0.208333333   24.104290875
 1043.500000000    0.000000000    0.208333333   24.188910564
 1044.000000000    0.000000000    0.208333333   24.260009686
 1044.500000000    0.000000000    0.208333333   24.341592705
 1045.000000000    0.000000000    0.208333333   24.439572589
 1045.500000000    0.000000000    0.208333333   24.522380205
 1046.000000000    0.000000000    0.208333333   24.604626046
 1046.500000000    0.000000000    0.208333333   24.693305185
 1047.000000000    0.000000000    0.208333333   24.804452946
 1047.500000000    0.000000000    0.208333333   24.939212156
 1048.000000000    0.000000000    0.208333333   25.058137393
 1048.500000000    0.000000000    0.208333333   25.151928281
 1049.000000000    0.000000000    0.208333333   25.263780402
 1049.500000000    0.000000000    0.208333333   25.410922756
 1050.000000000    0.000000000    0.208333333   25.561784441
 1030.000000000    0.000000000    0.250000000   24.821056286
 1030.500000000    0.000000000    0.250000000   24.741578242
 1031.000000000    0.000000000    0.250000000   24.727621162
 1031.500000000    0.000000000    0.250000000   24.738020031
 1032.000000000    0.000000000    0.250000000   24.697965803
 1032.500000000    0.000000000    0.250000000   24.700412387
 1033.000000000    0.000000000    0.250000000   24.699184066
 1033.500000000    0.000000000    0.250000000   24.717489397
 1034.000000000    0.000000000    0.250000000   24.729484832
 1034.500000000    0.000000000    0.250000000   24.708778737
 1035.000000000    0.000000000    0.250000000   24.659857107
 1035.500000000    0.000000000    0.250000000   24.651602702
 1036.000000000    0.000000000    0.250000000   24.619595474
 1036.500000000    0.000000000    0.250000000   24.646653468
 1037.000000000    0.000000000    0.250000000   24.644982768
 1037.500000000    0.000000000    0.250000000   24.676658912
 1038.000000000    0.000000000    0.250000000   24.720806209
 1038.500000000    0.000000000    0.250000000   24.739330774
 1039.000000000    0.000000000    0.250000000   24.791933736
 1039.500000000    0.000000000    0.250000000   24.840916460
 1040.000000000    0.000000000    0.250000000   24.884613371
 1040.500000000    0.000000000    0.250000000   24.913768796
 1041.000000000    0.000000000    0.250000000   24.980799155
 1041.500000000    0.000000000    0.250000000   25.027743308
 1042.000000000    0.000000000    0.250000000   25.025485596
 1042.500000000    0.000000000    0.250000000   25.092452439
 1043.000000000    0.000000000    0.250000000   25.148100452
 1043.500000000    0.000000000    0.250000000   25.172148226
 1044.000000000    0.000000000    0.250000000   25.268128933
 1044.500000000    0.000000000    0.250000000   25.362254633
 1045.000000000    0.000000000    0.250000000   25.431807945
 1045.500000000    0.000000000    0.250000000   25.491586933
 1046.000000000    0.000000000    0.250000000   25.593159115
 1046.500000000    0.000000000    0.250000000   25.695409020
 1047.000000000    0.000000000    0.250000000   25.822413573
 1047.500000000    0.000000000    0.250000000   25.938961888
 1048.000000000    0.000000000    0.250000000   26.039286284
 1048.500000000    0.000000000    0.250000000   26.161526097
 1049.000000000    0.000000000    0.250000000   26.278606197
 1049.500000000    0.000000000    0.250000000   26.423179777
 1050.000000000    0.000000000    0.250000000   26.563914074
 1030.000000000    0.000000000    0.291666667   25.842543831
 1030.500000000    0.000000000    0.291666667   25.782072591
 1031.000000000    0.000000000    0.291666667   25.776806427
 1031.500000000    0.000000000    0.291666667   25.744885998
 1032.000000000    0.000000000    0.291666667   25.733760512
 1032.500000000    0.000000000    0.291666667   25.672744820
 1033.000000000    0.000000000    0.291666667   25.658960408
 1033.500000000    0.000000000    0.291666667   25.648765499
 1034.000000000    0.000000000    0.291666667   25.622927630
 1034.500000000    0.000000000    0.291666667   25.598214706
 1035.000000000    0.000000000    0.291666667   25.590323238
 1035.500000000    0.000000000    0.291666667   25.604028301
 1036.000000000    0.000000000    0.291666667   25.608749269
 1036.500000000    0.000000000    0.291666667   25.607623765
 1037.000000000    0.000000000    0.291666667   25.592486421
 1037.500000000    0.000000000    0.291666667   25.633709086
 1038.000000000    0.000000000    0.291666667   25.680810167
 1038.500000000    0.000000000    0.291666667   25.703025470
 1039.000000000    0.000000000    0.291666667   25.746722752
 1039.500000000    0.000000000    0.291666667   25.762572093
 1040.000000000    0.000000000    0.291666667   25.812086044
 1040.500000000    0.000000000    0.291666667   25.836377637
 1041.000000000    0.000000000    0.291666667   25.884211669
 1041.500000000    0.000000000    0.291666667   25.915064244
 1042.000000000    0.000000000    0.291666667   25.942417188
 1042.500000000    0.000000000    0.291666667   26.012837654
 1043.000000000    0.000000000    0.291666667   26.054764027
 1043.500000000    0.000000000    0.291666667   26.135314768
 1044.000000000    0.000000000    0.291666667   26.216159435
 1044.500000000    0.000000000    0.291666667   26.252642041
 1045.000000000    0.000000000    0.291666667   26.317674154
 1045.500000000    0.000000000    0.291666667   26.383673167
 1046.000000000    0.000000000    0.291666667   26.472073654
 1046.500000000    0.000000000    0.291666667   26.604197407
 1047.000000000    0.000000000    0.291666667   26.679255860
 1047.500000000    0.000000000    0.291666667   26.762163406
 1048.000000000    0.000000000    0.291666667   26.896537421
 1048.500000000    0.000000000    0.291666667   26.998306951
 1049.000000000    0.000000000    0.291666667   27.125107544
 1049.500000000    0.000000000    0.291666667   27.267938154
 1050.000000000    0.000000000    0.291666667   27.366971085
 1030.000000000    0.000000000    0.333333333   26.446746709
 1030.500000000    0.000000000    0.333333333   26.374250231
 1031.000000000    0.000000000    0.333333333   26.369723259
 1031.500000000    0.000000000    0.333333333   26.332314732
 1032.000000000    0.000000000    0.333333333   26.286456594
 1032.500000000    0.000000000    0.333333333   26.251361938
 1033.000000000    0.000000000    0.333333333   26.239653723
 1033.500000000    0.000000000    0.333333333   26.209913706
 1034.000000000    0.000000000    0.333333333   26.230819849
 1034.500000000    0.000000000    0.333333333   26.166730514
 1035.000000000    0.000000000    0.333333333   26.120667672
 1035.500000000    0.000000000    0.333333333   26.087836130
 1036.000000000    0.000000000    0.333333333   26.065623341
 1036.500000000    0.000000000    0.333333333   26.057398738
 1037.000000000    0.000000000    0.333333333   26.077328110
 1037.500000000    0.000000000    0.333333333   26.113804104
 1038.000000000    0.000000000    0.333333333   26.154967258
 1038.500000000    0.000000000    0.333333333   26.192668220
 1039.000000000    0.000000000    0.333333333   26.198996743
 1039.500000000    0.000000000    0.333333333   26.255138917
 1040.000000000    0.000000000    0.333333333   26.297771698
 1040.500000000    0.000000000    0.333333333   26.353805372
 1041.000000000    0.000000000    0.333333333   26.388727827
 1041.500000000    0.000000000    0.333333333   26.416673558
 1042.000000000    0.000000000    0.333333333   26.481424784
 1042.500000000    0.000000000    0.333333333   26.499607088
 1043.000000000    0.000000000    0.333333333   26.538297301
 1043.500000000    0.000000000    0.333333333   26.610462414
 1044.000000000    0.000000000    0.333333333   26.719308877
 1044.500000000    0.000000000    0.333333333   26.810613228
 1045.000000000    0.000000000    0.333333333   26.873872848
 1045.500000000    0.000000000    0.333333333   26.938408660
 1046.000000000    0.000000000    0.333333333   27.000085125
 1046.500000000    0.000000000    0.333333333   27.058235137
 1047.000000000    0.000000000    0.333333333   27.153105708
 1047.500000000    0.000000000    0.333333333   27.248678589
 1048.000000000    0.000000000    0.333333333   27.366656670
 1048.500000000    0.000000000    0.333333333   27.417648630
 1049.000000000    0.000000000    0.333333333   27.529845992
 1049.500000000    0.000000000    0.333333333   27.652278123
 1050.000000000    0.000000000    0.333333333   27.738655871
 1030.000000000    0.000000000    0.375000000   27.074528346
 1030.500000000    0.000000000    0.375000000   27.079672506
 1031.000000000    0.000000000    0.375000000   27.029727725
 1031.500000000    0.000000000    0.375000000   27.016903693
 1032.000000000    0.000000000    0.375000000   26.991955144
 1032.500000000    0.000000000    0.375000000   26.941131009
 1033.000000000    0.000000000    0.375000000   26.935948385
 1033.500000000    0.000000000    0.375000000   26.906025829
 1034.000000000    0.000000000    0.375000000   26.881208783
 1034.500000000    0.000000000    0.375000000   26.866558427
 1035.000000000    0.000000000    0.375000000   26.851758594
 1035.500000000    0.000000000    0.375000000   26.841251971
 1036.000000000    0.000000000    0.375000000   26.841365034
 1036.500000000    0.000000000    0.375000000   26.856068010
 1037.000000000    0.000000000    0.375000000   26.875442779
 1037.500000000    0.000000000    0.375000000   26.872860501
 1038.000000000    0.000000000    0.375000000   26.883729966
 1038.500000000    0.000000000    0.375000000   26.899928460
 1039.000000000    0.000000000    0.375000000   26.927180821
 1039.500000000    0.000000000    0.375000000   26.880057761
 1040.000000000    0.000000000    0.375000000   26.944144862
 1040.500000000    0.000000000    0.375000000   27.010093303
 1041.000000000    0.000000000    0.375000000   27.085735230
 1041.500000000    0.000000000    0.375000000   27.115932899
 1042.000000000    0.000000000    0.375000000   27.145284461
 1042.500000000    0.000000000    0.375000000   27.195197763
 1043.000000000    0.000000000    0.375000000   27.231067652
 1043.500000000    0.000000000    0.375000000   27.292384719
 1044.000000000    0.000000000    0.375000000   27.331786929
 1044.500000000    0.000000000    0.375000000   27.441760944
 1045.000000000    0.000000000    0.375000000   27.503464511
 1045.500000000    0.000000000    0.375000000   27.560746530
 1046.000000000    0.000000000    0.375000000   27.670742711
 1046.500000000    0.000000000    0.375000000   27.736833179
 1047.000000000    0.000000000    0.375000000   27.820135513
 1047.500000000    0.000000000    0.375000000   27.909671655
 1048.000000000    0.000000000    0.375000000   28.010601224
 1048.500000000    0.000000000    0.375000000   28.100934299
 1049.000000000    0.000000000    0.375000000   28.166328697
 1049.500000000    0.000000000    0.375000000   28.254244151
 1050.000000000    0.000000000    0.375000000   28.383194795
 1028.000000000    0.000000000    0.000000000   21.044926858
 1026.000000000    0.000000000    0.000000000   21.166295325
 1024.000000000    0.000000000    0.000000000   21.356015792
 1022.000000000    0.000000000    0.000000000   21.550387098
 1020.000000000    0.000000000    0.000000000   21.806446789
 1018.000000000    0.000000000    0.000000000   22.094653035
 1016.000000000    0.000000000    0.000000000   22.507389402
 1014.000000000    0.000000000    0.000000000   22.894277750
 1012.000000000    0.000000000    0.000000000   23.371568462
 1010.000000000    0.000000000    0.000000000   23.805451253
 1008.000000000    0.000000000    0.000000000   24.280498410
 1028.000000000    0.000000000    0.041666667   21.256995993
 1026.000000000    0.000000000    0.041666667   21.355907386
 1024.000000000    0.000000000    0.041666667   21.450420609
 1022.000000000    0.000000000    0.041666667   21.621772321
 1020.000000000    0.000000000    0.041666667   21.885925205
 1018.000000000    0.000000000    0.041666667   22.232956486
 1016.000000000    0.000000000    0.041666667   22.586188978
 1014.000000000    0.000000000    0.041666667   23.008739622
 1012.000000000    0.000000000    0.041666667   23.442486161
 1010.000000000    0.000000000    0.041666667   23.931032838
 1008.000000000    0.000000000    0.041666667   24.407762894
 1028.000000000    0.000000000    0.083333333   21.505715558
 1026.000000000    0.000000000    0.083333333   21.615137206
 1024.000000000    0.000000000    0.083333333   21.761309588
 1022.000000000    0.000000000    0.083333333   21.964911139
 1020.000000000    0.000000000    0.083333333   22.266375599
 1018.000000000    0.000000000    0.083333333   22.565766098
 1016.000000000    0.000000000    0.083333333   22.923468379
 1014.000000000    0.000000000    0.083333333   23.319724994
 1012.000000000    0.000000000    0.083333333   23.791536363
 1010.000000000    0.000000000    0.083333333   24.296493782
 1008.000000000    0.000000000    0.083333333   24.766052002
 1028.000000000    0.000000000    0.125000000   22.016914794
 1026.000000000    0.000000000    0.125000000   22.175843967
 1024.000000000    0.000000000    0.125000000   22.379061533
 1022.000000000    0.000000000    0.125000000   22.567584133
 1020.000000000    0.000000000    0.125000000   22.815801995
 1018.000000000    0.000000000    0.125000000   23.158847028
 1016.000000000    0.000000000    0.125000000   23.589646677
 1014.000000000    0.000000000    0.125000000   24.058265937
 1012.000000000    0.000000000    0.125000000   24.439711450
 1010.000000000    0.000000000    0.125000000   24.961871328
 1008.000000000    0.000000000    0.125000000   25.434917631
 1028.000000000    0.000000000    0.166666667   22.701937659
 1026.000000000    0.000000000    0.166666667   22.876745323
 1024.000000000    0.000000000    0.166666667   23.133345833
 1022.000000000    0.000000000    0.166666667   23.339894740
 1020.000000000    0.000000000    0.166666667   23.640996544
 1018.000000000    0.000000000    0.166666667   24.019892374
 1016.000000000    0.000000000    0.166666667   24.396979203
 1014.000000000    0.000000000    0.166666667   24.780311575
 1012.000000000    0.000000000    0.166666667   25.250335084
 1010.000000000    0.000000000    0.166666667   25.677135540
 1008.000000000    0.000000000    0.166666667   26.192609360
 1028.000000000    0.000000000    0.208333333   23.729958991
 1026.000000000    0.000000000    0.208333333   23.890670249
 1024.000000000    0.000000000    0.208333333   24.090210581
 1022.000000000    0.000000000    0.208333333   24.359626090
 1020.000000000    0.000000000    0.208333333   24.697453296
 1018.000000000    0.000000000    0.208333333   25.066946680
 1016.000000000    0.000000000    0.208333333   25.413764128
 1014.000000000    0.000000000    0.208333333   25.791876903
 1012.000000000    0.000000000    0.208333333   26.158434106
 1010.000000000    0.000000000    0.208333333   26.670633024
 1008.000000000    0.000000000    0.208333333   27.196152927
 1028.000000000    0.000000000    0.250000000   24.992719991
 1026.000000000    0.000000000    0.250000000   25.107300049
 1024.000000000    0.000000000    0.250000000   25.319895847
 1022.000000000    0.000000000    0.250000000   25.556352595
 1020.000000000    0.000000000    0.250000000   25.883100415
 1018.000000000    0.000000000    0.250000000   26.210541790
 1016.000000000    0.000000000    0.250000000   26.592429029
 1014.000000000    0.000000000    0.250000000   26.941711968
 1012.000000000    0.000000000    0.250000000   27.333292412
 1010.000000000    0.000000000    0.250000000   27.737495722
 1008.000000000    0.000000000    0.250000000   28.237314755
 1028.000000000    0.000000000    0.291666667   26.043336792
 1026.000000000    0.000000000    0.291666667   26.193869999
 1024.000000000    0.000000000    0.291666667   26.381712919
 1022.000000000    0.000000000    0.291666667   26.659627492
 1020.000000000    0.000000000    0.291666667   27.014813246
 1018.000000000    0.000000000    0.291666667   27.276835544
 1016.000000000    0.000000000    0.291666667   27.601926913
 1014.000000000    0.000000000    0.291666667   27.996807778
 1012.000000000    0.000000000    0.291666667   28.390083602
 1010.000000000    0.000000000    0.291666667   28.820885019
 1008.000000000    0.000000000    0.291666667   29.236737406
 1028.000000000    0.000000000    0.333333333   26.621158468
 1026.000000000    0.000000000    0.333333333   26.801991602
 1024.000000000    0.000000000    0.333333333   27.056305530
 1022.000000000    0.000000000    0.333333333   27.295132214
 1020.000000000    0.000000000    0.333333333   27.647236967
 1018.000000000    0.000000000    0.333333333   27.966124425
 1016.000000000    0.000000000    0.333333333   28.294675564
 1014.000000000    0.000000000    0.333333333   28.576975176
 1012.000000000    0.000000000    0.333333333   28.939479263
 1010.000000000    0.000000000    0.333333333   29.310222203
 1008.000000000    0.000000000    0.333333333   29.747437546
 1028.000000000    0.000000000    0.375000000   27.357004164
 1026.000000000    0.000000000    0.375000000   27.540216455
 1024.000000000    0.000000000    0.375000000   27.777769556
 1022.000000000    0.000000000    0.375000000   28.064598376
 1020.000000000    0.000000000    0.375000000   28.383867303
 1018.000000000    0.000000000    0.375000000   28.695060266
 1016.000000000    0.000000000    0.375000000   29.008002998
 1014.000000000    0.000000000    0.375000000   29.290047521
 1012.000000000    0.000000000    0.375000000   29.653878091
 1010.000000000    0.000000000    0.375000000   30.010950612
 1008.000000000    0.000000000    0.375000000   30.383121548
 1052.000000000    0.000000000    0.000000000   24.207396386
 1054.000000000    0.000000000    0.000000000   25.018281722
 1056.000000000    0.000000000    0.000000000   25.983601203
 1058.000000000    0.000000000    0.000000000   26.983091934
 1060.000000000    0.000000000    0.000000000   28.058207640
 1062.000000000    0.000000000    0.000000000   29.214199120
 1064.000000000    0.000000000    0.000000000   30.369180674
 1066.000000000    0.000000000    0.000000000   31.571757095
 1068.000000000    0.000000000    0.000000000   32.801800361
 1070.000000000    0.000000000    0.000000000   34.069148311
 1072.000000000    0.000000000    0.000000000   35.496580740
 1052.000000000    0.000000000    0.041666667   24.329472939
 1054.000000000    0.000000000    0.041666667   25.074128760
 1056.000000000    0.000000000    0.041666667   26.038364368
 1058.000000000    0.000000000    0.041666667   27.069863910
 1060.000000000    0.000000000    0.041666667   28.174379608
 1062.000000000    0.000000000    0.041666667   29.235163471
 1064.000000000    0.000000000    0.041666667   30.382250203
 1066.000000000    0.000000000    0.041666667   31.550260400
 1068.000000000    0.000000000    0.041666667   32.848006720
 1070.000000000    0.000000000    0.041666667   34.184110304
 1072.000000000    0.000000000    0.041666667   35.543082329
 1052.000000000    0.000000000    0.083333333   24.617106514
 1054.000000000    0.000000000    0.083333333   25.393172214
 1056.000000000    0.000000000    0.083333333   26.273919968
 1058.000000000    0.000000000    0.083333333   27.292528609
 1060.000000000    0.000000000    0.083333333   28.384219902
 1062.000000000    0.000000000    0.083333333   29.428575700
 1064.000000000    0.000000000    0.083333333   30.529780732
 1066.000000000    0.000000000    0.083333333   31.711833226
 1068.000000000    0.000000000    0.083333333   32.956534578
 1070.000000000    0.000000000    0.083333333   34.265459934
 1072.000000000    0.000000000    0.083333333   35.677066492
 1052.000000000    0.000000000    0.125000000   25.094777020
 1054.000000000    0.000000000    0.125000000   25.857197540
 1056.000000000    0.000000000    0.125000000   26.733304420
 1058.000000000    0.000000000    0.125000000   27.674163831
 1060.000000000    0.000000000    0.125000000   28.704835242
 1062.000000000    0.000000000    0.125000000   29.774454189
 1064.000000000    0.000000000    0.125000000   30.954408878
 1066.000000000    0.000000000    0.125000000   32.097239839
 1068.000000000    0.000000000    0.125000000   33.337985864
 1070.000000000    0.000000000    0.125000000   34.662480233
 1072.000000000    0.000000000    0.125000000   36.013056105
 1052.000000000    0.000000000    0.166666667   25.588006014
 1054.000000000    0.000000000    0.166666667   26.330700004
 1056.000000000    0.000000000    0.166666667   27.157255216
 1058.000000000    0.000000000    0.166666667   28.097046493
 1060.000000000    0.000000000    0.166666667   29.141520848
 1062.000000000    0.000000000    0.166666667   30.222023046
 1064.000000000    0.000000000    0.166666667   31.302613439
 1066.000000000    0.000000000    0.166666667   32.467671996
 1068.000000000    0.000000000    0.166666667   33.686893480
 1070.000000000    0.000000000    0.166666667   34.957792936
 1072.000000000    0.000000000    0.166666667   36.357887229
 1052.000000000    0.000000000    0.208333333   26.211837819
 1054.000000000    0.000000000    0.208333333   26.984228333
 1056.000000000    0.000000000    0.208333333   27.846229589
 1058.000000000    0.000000000    0.208333333   28.731997171
 1060.000000000    0.000000000    0.208333333   29.779665219
 1062.000000000    0.000000000    0.208333333   30.810231948
 1064.000000000    0.000000000    0.208333333   31.884303270
 1066.000000000    0.000000000    0.208333333   33.022670122
 1068.000000000    0.000000000    0.208333333   34.219909878
 1070.000000000    0.000000000    0.208333333   35.505803907
 1072.000000000    0.000000000    0.208333333   36.808770290
 1052.000000000    0.000000000    0.250000000   27.161075221
 1054.000000000    0.000000000    0.250000000   27.816148894
 1056.000000000    0.000000000    0.250000000   28.651921870
 1058.000000000    0.000000000    0.250000000   29.518712917
 1060.000000000    0.000000000    0.250000000   30.420322111
 1062.000000000    0.000000000    0.250000000   31.486718031
 1064.000000000    0.000000000    0.250000000   32.523876848
 1066.000000000    0.000000000    0.250000000   33.672380028
 1068.000000000    0.000000000    0.250000000   34.852937562
 1070.000000000    0.000000000    0.250000000   36.049210234
 1072.000000000    0.000000000    0.250000000   37.360013044
 1052.000000000    0.000000000    0.291666667   27.923736488
 1054.000000000    0.000000000    0.291666667   28.591913218
 1056.000000000    0.000000000    0.291666667   29.367766669
 1058.000000000    0.000000000    0.291666667   30.226514628
 1060.000000000    0.000000000    0.291666667   31.188751990
 1062.000000000    0.000000000    0.291666667   32.196724648
 1064.000000000    0.000000000    0.291666667   33.202260407
 1066.000000000    0.000000000    0.291666667   34.250879427
 1068.000000000    0.000000000    0.291666667   35.510182520
 1070.000000000    0.000000000    0.291666667   36.655173404
 1072.000000000    0.000000000    0.291666667   37.945475848
 1052.000000000    0.000000000    0.333333333   28.317789128
 1054.000000000    0.000000000    0.333333333   28.991769860
 1056.000000000    0.000000000    0.333333333   29.763859650
 1058.000000000    0.000000000    0.333333333   30.622781487
 1060.000000000    0.000000000    0.333333333   31.579137361
 1062.000000000    0.000000000    0.333333333   32.495542010
 1064.000000000    0.000000000    0.333333333   33.507262031
 1066.000000000    0.000000000    0.333333333   34.610432433
 1068.000000000    0.000000000    0.333333333   35.749117052
 1070.000000000    0.000000000    0.333333333   36.905974289
 1072.000000000    0.000000000    0.333333333   38.152961666
 1052.000000000    0.000000000    0.375000000   28.828809271
 1054.000000000    0.000000000    0.375000000   29.507315857
 1056.000000000    0.000000000    0.375000000   30.308297230
 1058.000000000    0.000000000    0.375000000   31.161137996
 1060.000000000    0.000000000    0.375000000   31.988793286
 1062.000000000    0.000000000    0.375000000   32.955926703
 1064.000000000    0.000000000    0.375000000   33.952723583
 1066.000000000    0.000000000    0.375000000   35.031275405
 1068.000000000    0.000000000    0.375000000   36.120409286
 1070.000000000    0.000000000    0.375000000   37.297299644
 1072.000000000    0.000000000    0.375000000   38.530464331
