 1030.000000000    0.000000000   12.539507309
 1031.000000000    0.000000000   12.462303834
 1032.000000000    0.000000000   12.410574919
 1033.000000000    0.000000000   12.323084427
 1034.000000000    0.000000000   12.260355009
 1035.000000000    0.000000000   12.297597108
 1036.000000000    0.000000000   12.362138787
 1037.000000000    0.000000000   12.463633297
 1038.000000000    0.000000000   12.600801652
 1039.000000000    0.000000000   12.764993450
 1040.000000000    0.000000000   12.866126979
 1041.000000000    0.000000000   13.100567972
 1042.000000000    0.000000000   13.303829031
 1043.000000000    0.000000000   13.574420242
 1044.000000000    0.000000000   13.799920818
 1045.000000000    0.000000000   13.997972151
 1046.000000000    0.000000000   14.243316324
 1047.000000000    0.000000000   14.465931477
 1048.000000000    0.000000000   14.687279286
 1049.000000000    0.000000000   14.901497355
 1050.000000000    0.000000000   15.131675685
 1030.000000000    0.125000000   14.906827593
 1031.000000000    0.125000000   14.944124641
 1032.000000000    0.125000000   14.902327256
 1033.000000000    0.125000000   14.861387527
 1034.000000000    0.125000000   14.895810699
 1035.000000000    0.125000000   14.883976011
 1036.000000000    0.125000000   14.929237170
 1037.000000000    0.125000000   14.957649494
 1038.000000000    0.125000000   15.026193811
 1039.000000000    0.125000000   15.035765292
 1040.000000000    0.125000000   15.074524889
 1041.000000000    0.125000000   15.190222627
 1042.000000000    0.125000000   15.309497109
 1043.000000000    0.125000000   15.389756439
 1044.000000000    0.125000000   15.517145535
 1045.000000000    0.125000000   15.661879675
 1046.000000000    0.125000000   15.794522176
 1047.000000000    0.125000000   15.954218572
 1048.000000000    0.125000000   16.078726714
 1049.000000000    0.125000000   16.204215353
 1050.000000000    0.125000000   16.350110574
 1030.000000000    0.250000000   20.618641516
 1031.000000000    0.250000000   20.496205194
 1032.000000000    0.250000000   20.337182796
 1033.000000000    0.250000000   20.236359676
 1034.000000000    0.250000000   20.126761170
 1035.000000000    0.250000000   20.060271164
 1036.000000000    0.250000000   19.948136201
 1037.000000000    0.250000000   19.809200848
 1038.000000000    0.250000000   19.659586297
 1039.000000000    0.250000000   19.560006680
 1040.000000000    0.250000000   19.455789262
 1041.000000000    0.250000000   19.447186915
 1042.000000000    0.250000000   19.441903615
 1043.000000000    0.250000000   19.433672959
 1044.000000000    0.250000000   19.344761642
 1045.000000000    0.250000000   19.334192993
 1046.000000000    0.250000000   19.382189633
 1047.000000000    0.250000000   19.429250015
 1048.000000000    0.250000000   19.356272789
 1049.000000000    0.250000000   19.314851379
 1050.000000000    0.250000000   19.376701256
 1030.000000000    0.375000000   25.992335705
 1031.000000000    0.375000000   25.797995599
 1032.000000000    0.375000000   25.516201323
 1033.000000000    0.375000000   25.407984154
 1034.000000000    0.375000000   25.258687558
 1035.000000000    0.375000000   25.177697325
 1036.000000000    0.375000000   24.962660531
 1037.000000000    0.375000000   24.822224164
 1038.000000000    0.375000000   24.720913405
 1039.000000000    0.375000000   24.646444758
 1040.000000000    0.375000000   24.493023148
 1041.000000000    0.375000000   24.332031095
 1042.000000000    0.375000000   24.224491278
 1043.000000000    0.375000000   24.142127531
 1044.000000000    0.375000000   23.937176680
 1045.000000000    0.375000000   23.830661876
 1046.000000000    0.375000000   23.716033576
 1047.000000000    0.375000000   23.592440458
 1048.000000000    0.375000000   23.391589662
 1049.000000000    0.375000000   23.207305232
 1050.000000000    0.375000000   23.170070862
 1030.000000000    0.500000000   31.039214646
 1031.000000000    0.500000000   30.749230785
 1032.000000000    0.500000000   30.561528215
 1033.000000000    0.500000000   30.336439284
 1034.000000000    0.500000000   30.238973955
 1035.000000000    0.500000000   29.987830343
 1036.000000000    0.500000000   29.809708288
 1037.000000000    0.500000000   29.626878584
 1038.000000000    0.500000000   29.464133969
 1039.000000000    0.500000000   29.264108138
 1040.000000000    0.500000000   29.056034004
 1041.000000000    0.500000000   28.880434437
 1042.000000000    0.500000000   28.721206309
 1043.000000000    0.500000000   28.606867651
 1044.000000000    0.500000000   28.410996636
 1045.000000000    0.500000000   28.350807400
 1046.000000000    0.500000000   28.298461391
 1047.000000000    0.500000000   28.186485125
 1048.000000000    0.500000000   27.990554692
 1049.000000000    0.500000000   27.842498617
 1050.000000000    0.500000000   27.806371683
