 1030.000000000    0.000000000    0.000000000   13.128348952
 1030.500000000    0.000000000    0.000000000   13.170082448
 1031.000000000    0.000000000    0.000000000   13.193308143
 1031.500000000    0.000000000    0.000000000   13.231947413
 1032.000000000    0.000000000    0.000000000   13.285643002
 1032.500000000    0.000000000    0.000000000   13.327006018
 1033.000000000    0.000000000    0.000000000   13.359703543
 1033.500000000    0.000000000    0.000000000   13.390165428
 1034.000000000    0.000000000    0.000000000   13.459741091
 1034.500000000    0.000000000    0.000000000   13.508495642
 1035.000000000    0.000000000    0.000000000   13.565830747
 1035.500000000    0.000000000    0.000000000   13.603685005
 1036.000000000    0.000000000    0.000000000   13.661104953
 1036.500000000    0.000000000    0.000000000   13.728289073
 1037.000000000    0.000000000    0.000000000   13.797822641
 1037.500000000    0.000000000    0.000000000   13.850132516
 1038.000000000    0.000000000    0.000000000   13.920411235
 1038.500000000    0.000000000    0.000000000   13.973122602
 1039.000000000    0.000000000    0.000000000   14.069483755
 1039.500000000    0.000000000    0.000000000   14.138252148
 1040.000000000    0.000000000    0.000000000   14.265899220
 1040.500000000    0.000000000    0.000000000   14.327564044
 1041.000000000    0.000000000    0.000000000   14.404509729
 1041.500000000    0.000000000    0.000000000   14.477416454
 1042.000000000    0.000000000    0.000000000   14.572709845
 1042.500000000    0.000000000    0.000000000   14.687429694
 1043.000000000    0.000000000    0.000000000   14.784852928
 1043.500000000    0.000000000    0.000000000   14.873523498
 1044.000000000    0.000000000    0.000000000   14.961103676
 1044.500000000    0.000000000    0.000000000   15.063883411
 1045.000000000    0.000000000    0.000000000   15.187356295
 1045.500000000    0.000000000    0.000000000   15.300512454
 1046.000000000    0.000000000    0.000000000   15.431151027
 1046.500000000    0.000000000    0.000000000   15.562590631
 1047.000000000    0.000000000    0.000000000   15.695036342
 1047.500000000    0.000000000    0.000000000   15.813667467
 1048.000000000    0.000000000    0.000000000   15.932976408
 1048.500000000    0.000000000    0.000000000   16.090010991
 1049.000000000    0.000000000    0.000000000   16.248866776
 1049.500000000    0.000000000    0.000000000   16.397611098
 1050.000000000    0.000000000    0.000000000   16.553745093
 1030.000000000    0.000000000    0.041666667   13.197779143
 1030.500000000    0.000000000    0.041666667   13.203535834
 1031.000000000    0.000000000    0.041666667   13.236110890
 1031.500000000    0.000000000    0.041666667   13.270345936
 1032.000000000    0.000000000    0.041666667   13.319967268
 1032.500000000    0.000000000    0.041666667   13.355681626
 1033.000000000    0.000000000    0.041666667   13.375665946
 1033.500000000    0.000000000    0.041666667   13.428368000
 1034.000000000    0.000000000    0.041666667   13.486071816
 1034.500000000    0.000000000    0.041666667   13.539987942
 1035.000000000    0.000000000    0.041666667   13.609759277
 1035.500000000    0.000000000    0.041666667   13.675447972
 1036.000000000    0.000000000    0.041666667   13.737465302
 1036.500000000    0.000000000    0.041666667   13.795001945
 1037.000000000    0.000000000    0.041666667   13.843158958
 1037.500000000    0.000000000    0.041666667   13.919868274
 1038.000000000    0.000000000    0.041666667   13.962696167
 1038.500000000    0.000000000    0.041666667   14.026251389
 1039.000000000    0.000000000    0.041666667   14.098467166
 1039.500000000    0.000000000    0.041666667   14.178612782
 1040.000000000    0.000000000    0.041666667   14.267678047
 1040.500000000    0.000000000    0.041666667   14.342429815
 1041.000000000    0.000000000    0.041666667   14.444104629
 1041.500000000    0.000000000    0.041666667   14.536529360
 1042.000000000    0.000000000    0.041666667   14.621494105
 1042.500000000    0.000000000    0.041666667   14.695491968
 1043.000000000    0.000000000    0.041666667   14.809759846
 1043.500000000    0.000000000    0.041666667   14.922373509
 1044.000000000    0.000000000    0.041666667   15.024288604
 1044.500000000    0.000000000    0.041666667   15.101479413
 1045.000000000    0.000000000    0.041666667   15.206910344
 1045.500000000    0.000000000    0.041666667   15.342127671
 1046.000000000    0.000000000    0.041666667   15.474386280
 1046.500000000    0.000000000    0.041666667   15.581160365
 1047.000000000    0.000000000    0.041666667   15.722160181
 1047.500000000    0.000000000    0.041666667   15.845896443
 1048.000000000    0.000000000    0.041666667   15.950723225
 1048.500000000    0.000000000    0.041666667   16.093400726
 1049.000000000    0.000000000    0.041666667   16.264281375
 1049.500000000    0.000000000    0.041666667   16.440805653
 1050.000000000    0.000000000    0.041666667   16.574251791
 1030.000000000    0.000000000    0.083333333   13.491576305
 1030.500000000    0.000000000    0.083333333   13.527456624
 1031.000000000    0.000000000    0.083333333   13.555851066
 1031.500000000    0.000000000    0.083333333   13.578360016
 1032.000000000    0.000000000    0.083333333   13.586624479
 1032.500000000    0.000000000    0.083333333   13.627760066
 1033.000000000    0.000000000    0.083333333   13.684872957
 1033.500000000    0.000000000    0.083333333   13.718614122
 1034.000000000    0.000000000    0.083333333   13.751748623
 1034.500000000    0.000000000    0.083333333   13.823463349
 1035.000000000    0.000000000    0.083333333   13.867365615
 1035.500000000    0.000000000    0.083333333   13.894311851
 1036.000000000    0.000000000    0.083333333   13.930040086
 1036.500000000    0.000000000    0.083333333   13.988742558
 1037.000000000    0.000000000    0.083333333   14.072149200
 1037.500000000    0.000000000    0.083333333   14.123670151
 1038.000000000    0.000000000    0.083333333   14.190655248
 1038.500000000    0.000000000    0.083333333   14.243981102
 1039.000000000    0.000000000    0.083333333   14.306555921
 1039.500000000    0.000000000    0.083333333   14.377920749
 1040.000000000    0.000000000    0.083333333   14.447516995
 1040.500000000    0.000000000    0.083333333   14.549683733
 1041.000000000    0.000000000    0.083333333   14.629764250
 1041.500000000    0.000000000    0.083333333   14.747579442
 1042.000000000    0.000000000    0.083333333   14.834820153
 1042.500000000    0.000000000    0.083333333   14.933302114
 1043.000000000    0.000000000    0.083333333   15.017092181
 1043.500000000    0.000000000    0.083333333   15.126922121
 1044.000000000    0.000000000    0.083333333   15.270101512
 1044.500000000    0.000000000    0.083333333   15.364881558
 1045.000000000    0.000000000    0.083333333   15.455028368
 1045.500000000    0.000000000    0.083333333   15.562198916
 1046.000000000    0.000000000    0.083333333   15.671022376
 1046.500000000    0.000000000    0.083333333   15.794271743
 1047.000000000    0.000000000    0.083333333   15.896142880
 1047.500000000    0.000000000    0.083333333   16.037718626
 1048.000000000    0.000000000    0.083333333   16.139799869
 1048.500000000    0.000000000    0.083333333   16.270845989
 1049.000000000    0.000000000    0.083333333   16.409053979
 1049.500000000    0.000000000    0.083333333   16.554933833
 1050.000000000    0.000000000    0.083333333   16.710442817
 1030.000000000    0.000000000    0.125000000   13.987386553
 1030.500000000    0.000000000    0.125000000   13.977938658
 1031.000000000    0.000000000    0.125000000   13.985248329
 1031.500000000    0.000000000    0.125000000   14.011253556
 1032.000000000    0.000000000    0.125000000   14.045182010
 1032.500000000    0.000000000    0.125000000   14.075894887
 1033.000000000    0.000000000    0.125000000   14.109008526
 1033.500000000    0.000000000    0.125000000   14.124432346
 1034.000000000    0.000000000    0.125000000   14.155325992
 1034.500000000    0.000000000    0.125000000   14.222943364
 1035.000000000    0.000000000    0.125000000   14.289587038
 1035.500000000    0.000000000    0.125000000   14.348532585
 1036.000000000    0.000000000    0.125000000   14.373905072
 1036.500000000    0.000000000    0.125000000   14.421544643
 1037.000000000    0.000000000    0.125000000   14.473606879
 1037.500000000    0.000000000    0.125000000   14.516516263
 1038.000000000    0.000000000    0.125000000   14.561679075
 1038.500000000    0.000000000    0.125000000   14.606180368
 1039.000000000    0.000000000    0.125000000   14.708355116
 1039.500000000    0.000000000    0.125000000   14.781149337
 1040.000000000    0.000000000    0.125000000   14.871557942
 1040.500000000    0.000000000    0.125000000   14.963855920
 1041.000000000    0.000000000    0.125000000   15.012719436
 1041.500000000    0.000000000    0.125000000   15.113295289
 1042.000000000    0.000000000    0.125000000   15.210257797
 1042.500000000    0.000000000    0.125000000   15.298288921
 1043.000000000    0.000000000    0.125000000   15.410991153
 1043.500000000    0.000000000    0.125000000   15.524044214
 1044.000000000    0.000000000    0.125000000   15.611364366
 1044.500000000    0.000000000    0.125000000   15.706115915
 1045.000000000    0.000000000    0.125000000   15.801425418
 1045.500000000    0.000000000    0.125000000   15.921492735
 1046.000000000    0.000000000    0.125000000   16.030819388
 1046.500000000    0.000000000    0.125000000   16.161423596
 1047.000000000    0.000000000    0.125000000   16.278416803
 1047.500000000    0.000000000    0.125000000   16.400472680
 1048.000000000    0.000000000    0.125000000   16.510860948
 1048.500000000    0.000000000    0.125000000   16.665274044
 1049.000000000    0.000000000    0.125000000   16.831800481
 1049.500000000    0.000000000    0.125000000   16.978262598
 1050.000000000    0.000000000    0.125000000   17.114354344
 1030.000000000    0.000000000    0.166666667   14.807476895
 1030.500000000    0.000000000    0.166666667   14.808107959
 1031.000000000    0.000000000    0.166666667   14.824870741
 1031.500000000    0.000000000    0.166666667   14.832015662
 1032.000000000    0.000000000    0.166666667   14.881488448
 1032.500000000    0.000000000    0.166666667   14.909253689
 1033.000000000    0.000000000    0.166666667   14.936185116
 1033.500000000    0.000000000    0.166666667   14.951788681
 1034.000000000    0.000000000    0.166666667   14.971677074
 1034.500000000    0.000000000    0.166666667   14.985707449
 1035.000000000    0.000000000    0.166666667   14.986127755
 1035.500000000    0.000000000    0.166666667   15.028139064
 1036.000000000    0.000000000    0.166666667   15.074787708
 1036.500000000    0.000000000    0.166666667   15.111648617
 1037.000000000    0.000000000    0.166666667   15.186720109
 1037.500000000    0.000000000    0.166666667   15.263546398
 1038.000000000    0.000000000    0.166666667   15.282098344
 1038.500000000    0.000000000    0.166666667   15.323878406
 1039.000000000    0.000000000    0.166666667   15.391288558
 1039.500000000    0.000000000    0.166666667   15.469820192
 1040.000000000    0.000000000    0.166666667   15.557527123
 1040.500000000    0.000000000    0.166666667   15.622707782
 1041.000000000    0.000000000    0.166666667   15.683364170
 1041.500000000    0.000000000    0.166666667   15.749114426
 1042.000000000    0.000000000    0.166666667   15.832739091
 1042.500000000    0.000000000    0.166666667   15.919143287
 1043.000000000    0.000000000    0.166666667   16.031767195
 1043.500000000    0.000000000    0.166666667   16.095659928
 1044.000000000    0.000000000    0.166666667   16.206402751
 1044.500000000    0.000000000    0.166666667   16.328927455
 1045.000000000    0.000000000    0.166666667   16.425425326
 1045.500000000    0.000000000    0.166666667   16.531479405
 1046.000000000    0.000000000    0.166666667   16.642834852
 1046.500000000    0.000000000    0.166666667   16.749450704
 1047.000000000    0.000000000    0.166666667   16.881485982
 1047.500000000    0.000000000    0.166666667   16.974465037
 1048.000000000    0.000000000    0.166666667   17.074848665
 1048.500000000    0.000000000    0.166666667   17.221865105
 1049.000000000    0.000000000    0.166666667   17.377386475
 1049.500000000    0.000000000    0.166666667   17.539800843
 1050.000000000    0.000000000    0.166666667   17.657232331
 1030.000000000    0.000000000    0.208333333   15.842611482
 1030.500000000    0.000000000    0.208333333   15.875857463
 1031.000000000    0.000000000    0.208333333   15.900391666
 1031.500000000    0.000000000    0.208333333   15.889179101
 1032.000000000    0.000000000    0.208333333   15.888070362
 1032.500000000    0.000000000    0.208333333   15.907356376
 1033.000000000    0.000000000    0.208333333   15.931464685
 1033.500000000    0.000000000    0.208333333   15.970764449
 1034.000000000    0.000000000    0.208333333   15.986385895
 1034.500000000    0.000000000    0.208333333   16.009526839
 1035.000000000    0.000000000    0.208333333   16.071031475
 1035.500000000    0.000000000    0.208333333   16.116376361
 1036.000000000    0.000000000    0.208333333   16.170486016
 1036.500000000    0.000000000    0.208333333   16.197267687
 1037.000000000    0.000000000    0.208333333   16.199106677
 1037.500000000    0.000000000    0.208333333   16.202762583
 1038.000000000    0.000000000    0.208333333   16.234860616
 1038.500000000    0.000000000    0.208333333   16.310792184
 1039.000000000    0.000000000    0.208333333   16.396842757
 1039.500000000    0.000000000    0.208333333   16.430402780
 1040.000000000    0.000000000    0.208333333   16.481265100
 1040.500000000    0.000000000    0.208333333   16.564448038
 1041.000000000    0.000000000    0.208333333   16.614591284
 1041.500000000    0.000000000    0.208333333   16.680738376
 1042.000000000    0.000000000    0.208333333   16.764845839
 1042.500000000    0.000000000    0.208333333   16.842667898
 1043.000000000    0.000000000    0.208333333   16.916302359
 1043.500000000    0.000000000    0.208333333   16.972001037
 1044.000000000    0.000000000    0.208333333   17.068116600
 1044.500000000    0.000000000    0.208333333   17.153152125
 1045.000000000    0.000000000    0.208333333   17.249619169
 1045.500000000    0.000000000    0.208333333   17.347126873
 1046.000000000    0.000000000    0.208333333   17.413864983
 1046.500000000    0.000000000    0.208333333   17.508622212
 1047.000000000    0.000000000    0.208333333   17.617843067
 1047.500000000    0.000000000    0.208333333   17.723381193
 1048.000000000    0.000000000    0.208333333   17.845652858
 1048.500000000    0.000000000    0.208333333   17.998133460
 1049.000000000    0.000000000    0.208333333   18.130356586
 1049.500000000    0.000000000    0.208333333   18.259500759
 1050.000000000    0.000000000    0.208333333   18.396786461
 1030.000000000    0.000000000    0.250000000   17.028378090
 1030.500000000    0.000000000    0.250000000   17.068434367
 1031.000000000    0.000000000    0.250000000   17.060871935
 1031.500000000    0.000000000    0.250000000   17.069043918
 1032.000000000    0.000000000    0.250000000   17.103748163
 1032.500000000    0.000000000    0.250000000   17.114508385
 1033.000000000    0.000000000    0.250000000   17.126917792
 1033.500000000    0.000000000    0.250000000   17.133357609
 1034.000000000    0.000000000    0.250000000   17.182399193
 1034.500000000    0.000000000    0.250000000   17.192388931
 1035.000000000    0.000000000    0.250000000   17.234759079
 1035.500000000    0.000000000    0.250000000   17.274089204
 1036.000000000    0.000000000    0.250000000   17.306702817
 1036.500000000    0.000000000    0.250000000   17.326420778
 1037.000000000    0.000000000    0.250000000   17.360000638
 1037.500000000    0.000000000    0.250000000   17.396661220
 1038.000000000    0.000000000    0.250000000   17.463099444
 1038.500000000    0.000000000    0.250000000   17.507297685
 1039.000000000    0.000000000    0.250000000   17.508493224
 1039.500000000    0.000000000    0.250000000   17.554850271
 1040.000000000    0.000000000    0.250000000   17.622468295
 1040.500000000    0.000000000    0.250000000   17.672030581
 1041.000000000    0.000000000    0.250000000   17.737851618
 1041.500000000    0.000000000    0.250000000   17.747143889
 1042.000000000    0.000000000    0.250000000   17.811567103
 1042.500000000    0.000000000    0.250000000   17.889423063
 1043.000000000    0.000000000    0.250000000   17.940141773
 1043.500000000    0.000000000    0.250000000   17.982063303
 1044.000000000    0.000000000    0.250000000   18.048953870
 1044.500000000    0.000000000    0.250000000   18.107466633
 1045.000000000    0.000000000    0.250000000   18.193393061
 1045.500000000    0.000000000    0.250000000   18.307715422
 1046.000000000    0.000000000    0.250000000   18.393511837
 1046.500000000    0.000000000    0.250000000   18.484241934
 1047.000000000    0.000000000    0.250000000   18.599904561
 1047.500000000    0.000000000    0.250000000   18.727982370
 1048.000000000    0.000000000    0.250000000   18.829428544
 1048.500000000    0.000000000    0.250000000   18.942987220
 1049.000000000    0.000000000    0.250000000   19.060192676
 1049.500000000    0.000000000    0.250000000   19.171855738
 1050.000000000    0.000000000    0.250000000   19.293588446
 1030.000000000    0.000000000    0.291666667   18.339542160
 1030.500000000    0.000000000    0.291666667   18.347752886
 1031.000000000    0.000000000    0.291666667   18.350527110
 1031.500000000    0.000000000    0.291666667   18.349491758
 1032.000000000    0.000000000    0.291666667   18.358953716
 1032.500000000    0.000000000    0.291666667   18.338900385
 1033.000000000    0.000000000    0.291666667   18.342644954
 1033.500000000    0.000000000    0.291666667   18.371200981
 1034.000000000    0.000000000    0.291666667   18.401614344
 1034.500000000    0.000000000    0.291666667   18.437797530
 1035.000000000    0.000000000    0.291666667   18.447721424
 1035.500000000    0.000000000    0.291666667   18.499100721
 1036.000000000    0.000000000    0.291666667   18.528028158
 1036.500000000    0.000000000    0.291666667   18.564702151
 1037.000000000    0.000000000    0.291666667   18.577636359
 1037.500000000    0.000000000    0.291666667   18.621815508
 1038.000000000    0.000000000    0.291666667   18.651889591
 1038.500000000    0.000000000    0.291666667   18.679890735
 1039.000000000    0.000000000    0.291666667   18.733992754
 1039.500000000    0.000000000    0.291666667   18.734221486
 1040.000000000    0.000000000    0.291666667   18.771794112
 1040.500000000    0.000000000    0.291666667   18.811762659
 1041.000000000    0.000000000    0.291666667   18.869303493
 1041.500000000    0.000000000    0.291666667   18.928809045
 1042.000000000    0.000000000    0.291666667   18.967943313
 1042.500000000    0.000000000    0.291666667   19.024885027
 1043.000000000    0.000000000    0.291666667   19.047295628
 1043.500000000    0.000000000    0.291666667   19.090305688
 1044.000000000    0.000000000    0.291666667   19.161787024
 1044.500000000    0.000000000    0.291666667   19.205710618
 1045.000000000    0.000000000    0.291666667   19.260043511
 1045.500000000    0.000000000    0.291666667   19.335365063
 1046.000000000    0.000000000    0.291666667   19.434105745
 1046.500000000    0.000000000    0.291666667   19.545019744
 1047.000000000    0.000000000    0.291666667   19.670040300
 1047.500000000    0.000000000    0.291666667   19.763696613
 1048.000000000    0.000000000    0.291666667   19.895421108
 1048.500000000    0.000000000    0.291666667   20.011711447
 1049.000000000    0.000000000    0.291666667   20.128514478
 1049.500000000    0.000000000    0.291666667   20.235042879
 1050.000000000    0.000000000    0.291666667   20.333948033
 1030.000000000    0.000000000    0.333333333   19.634454837
 1030.500000000    0.000000000    0.333333333   19.631304452
 1031.000000000    0.000000000    0.333333333   19.643515488
 1031.500000000    0.000000000    0.333333333   19.667892670
 1032.000000000    0.000000000    0.333333333   19.669732498
 1032.500000000    0.000000000    0.333333333   19.665478403
 1033.000000000    0.000000000    0.333333333   19.676950620
 1033.500000000    0.000000000    0.333333333   19.678306999
 1034.000000000    0.000000000    0.333333333   19.700237131
 1034.500000000    0.000000000    0.333333333   19.730264740
 1035.000000000    0.000000000    0.333333333   19.755302137
 1035.500000000    0.000000000    0.333333333   19.782282645
 1036.000000000    0.000000000    0.333333333   19.796934118
 1036.500000000    0.000000000    0.333333333   19.836647576
 1037.000000000    0.000000000    0.333333333   19.857532857
 1037.500000000    0.000000000    0.333333333   19.873558497
 1038.000000000    0.000000000    0.333333333   19.911967544
 1038.500000000    0.000000000    0.333333333   19.953211164
 1039.000000000    0.000000000    0.333333333   19.989197003
 1039.500000000    0.000000000    0.333333333   20.026572095
 1040.000000000    0.000000000    0.333333333   20.081316633
 1040.500000000    0.000000000    0.333333333   20.117131947
 1041.000000000    0.000000000    0.333333333   20.134710008
 1041.500000000    0.000000000    0.333333333   20.194109296
 1042.000000000    0.000000000    0.333333333   20.212850766
 1042.500000000    0.000000000    0.333333333   20.247474639
 1043.000000000    0.000000000    0.333333333   20.329563739
 1043.500000000    0.000000000    0.333333333   20.357168606
 1044.000000000    0.000000000    0.333333333   20.434612455
 1044.500000000    0.000000000    0.333333333   20.493308222
 1045.000000000    0.000000000    0.333333333   20.555282617
 1045.500000000    0.000000000    0.333333333   20.621410804
 1046.000000000    0.000000000    0.333333333   20.677538263
 1046.500000000    0.000000000    0.333333333   20.749736251
 1047.000000000    0.000000000    0.333333333   20.863154484
 1047.500000000    0.000000000    0.333333333   20.915360982
 1048.000000000    0.000000000    0.333333333   21.026468975
 1048.500000000    0.000000000    0.333333333   21.125615435
 1049.000000000    0.000000000    0.333333333   21.231545089
 1049.500000000    0.000000000    0.333333333   21.363918530
 1050.000000000    0.000000000    0.333333333   21.450583776
 1030.000000000    0.000000000    0.375000000   21.033849893
 1030.500000000    0.000000000    0.375000000   21.001526481
 1031.000000000    0.000000000    0.375000000   20.987923397
 1031.500000000    0.000000000    0.375000000   20.982413040
 1032.000000000    0.000000000    0.375000000   20.978490962
 1032.500000000    0.000000000    0.375000000   20.980530931
 1033.000000000    0.000000000    0.375000000   20.987856714
 1033.500000000    0.000000000    0.375000000   20.991887199
 1034.000000000    0.000000000    0.375000000   20.989539614
 1034.500000000    0.000000000    0.375000000   21.025072178
 1035.000000000    0.000000000    0.375000000   21.080354648
 1035.500000000    0.000000000    0.375000000   21.126129059
 1036.000000000    0.000000000    0.375000000   21.111744409
 1036.500000000    0.000000000    0.375000000   21.114259725
 1037.000000000    0.000000000    0.375000000   21.129213506
 1037.500000000    0.000000000    0.375000000   21.132298699
 1038.000000000    0.000000000    0.375000000   21.172235021
 1038.500000000    0.000000000    0.375000000   21.208071662
 1039.000000000    0.000000000    0.375000000   21.271417150
 1039.500000000    0.000000000    0.375000000   21.315084165
 1040.000000000    0.000000000    0.375000000   21.353277797
 1040.500000000    0.000000000    0.375000000   21.390964044
 1041.000000000    0.000000000    0.375000000   21.433760645
 1041.500000000    0.000000000    0.375000000   21.461113030
 1042.000000000    0.000000000    0.375000000   21.510768915
 1042.500000000    0.000000000    0.375000000   21.559340740
 1043.000000000    0.000000000    0.375000000   21.631692303
 1043.500000000    0.000000000    0.375000000   21.676960448
 1044.000000000    0.000000000    0.375000000   21.722283820
 1044.500000000    0.000000000    0.375000000   21.782180713
 1045.000000000    0.000000000    0.375000000   21.826636372
 1045.500000000    0.000000000    0.375000000   21.871400764
 1046.000000000    0.000000000    0.375000000   21.929679764
 1046.500000000    0.000000000    0.375000000   21.995594865
 1047.000000000    0.000000000    0.375000000   22.066746606
 1047.500000000    0.000000000    0.375000000   22.135236999
 1048.000000000    0.000000000    0.375000000   22.209467506
 1048.500000000    0.000000000    0.375000000   22.309334809
 1049.000000000    0.000000000    0.375000000   22.390778037
 1049.500000000    0.000000000    0.375000000   22.489358531
 1050.000000000    0.000000000    0.375000000   22.610260686
 1028.000000000    0.000000000    0.000000000   13.023820659
 1026.000000000    0.000000000    0.000000000   12.952251313
 1024.000000000    0.000000000    0.000000000   12.879908318
 1022.000000000    0.000000000    0.000000000   12.876511319
 1020.000000000    0.000000000    0.000000000   12.866237527
 1018.000000000    0.000000000    0.000000000   12.888476113
 1016.000000000    0.000000000    0.000000000   12.961923471
 1014.000000000    0.000000000    0.000000000   13.012577640
 1012.000000000    0.000000000    0.000000000   13.133750064
 1010.000000000    0.000000000    0.000000000   13.237192249
 1008.000000000    0.000000000    0.000000000   13.387626084
 1028.000000000    0.000000000    0.041666667   13.136332808
 1026.000000000    0.000000000    0.041666667   13.063664502
 1024.000000000    0.000000000    0.041666667   13.020044146
 1022.000000000    0.000000000    0.041666667   13.009228231
 1020.000000000    0.000000000    0.041666667   13.030443480
 1018.000000000    0.000000000    0.041666667   13.063158607
 1016.000000000    0.000000000    0.041666667   13.094842108
 1014.000000000    0.000000000    0.041666667   13.149653701
 1012.000000000    0.000000000    0.041666667   13.212447660
 1010.000000000    0.000000000    0.041666667   13.306433475
 1008.000000000    0.000000000    0.041666667   13.415895356
 1028.000000000    0.000000000    0.083333333   13.417517627
 1026.000000000    0.000000000    0.083333333   13.348013582
 1024.000000000    0.000000000    0.083333333   13.314549858
 1022.000000000    0.000000000    0.083333333   13.336224062
 1020.000000000    0.000000000    0.083333333   13.338922104
 1018.000000000    0.000000000    0.083333333   13.364485139
 1016.000000000    0.000000000    0.083333333   13.395293010
 1014.000000000    0.000000000    0.083333333   13.482324639
 1012.000000000    0.000000000    0.083333333   13.581190491
 1010.000000000    0.000000000    0.083333333   13.676994713
 1008.000000000    0.000000000    0.083333333   13.759770291
 1028.000000000    0.000000000    0.125000000   13.925948320
 1026.000000000    0.000000000    0.125000000   13.915107725
 1024.000000000    0.000000000    0.125000000   13.879297068
 1022.000000000    0.000000000    0.125000000   13.896853803
 1020.000000000    0.000000000    0.125000000   13.913913490
 1018.000000000    0.000000000    0.125000000   13.938136073
 1016.000000000    0.000000000    0.125000000   14.005550137
 1014.000000000    0.000000000    0.125000000   14.095796505
 1012.000000000    0.000000000    0.125000000   14.212183049
 1010.000000000    0.000000000    0.125000000   14.298256347
 1008.000000000    0.000000000    0.125000000   14.445439493
 1028.000000000    0.000000000    0.166666667   14.730887348
 1026.000000000    0.000000000    0.166666667   14.725332847
 1024.000000000    0.000000000    0.166666667   14.750388963
 1022.000000000    0.000000000    0.166666667   14.789498830
 1020.000000000    0.000000000    0.166666667   14.827448549
 1018.000000000    0.000000000    0.166666667   14.942584606
 1016.000000000    0.000000000    0.166666667   15.034997230
 1014.000000000    0.000000000    0.166666667   15.145971766
 1012.000000000    0.000000000    0.166666667   15.212672157
 1010.000000000    0.000000000    0.166666667   15.324585093
 1008.000000000    0.000000000    0.166666667   15.473423107
 1028.000000000    0.000000000    0.208333333   15.799036203
 1026.000000000    0.000000000    0.208333333   15.824043611
 1024.000000000    0.000000000    0.208333333   15.864419891
 1022.000000000    0.000000000    0.208333333   15.921522537
 1020.000000000    0.000000000    0.208333333   15.992888669
 1018.000000000    0.000000000    0.208333333   16.096036276
 1016.000000000    0.000000000    0.208333333   16.192691075
 1014.000000000    0.000000000    0.208333333   16.323057795
 1012.000000000    0.000000000    0.208333333   16.410493897
 1010.000000000    0.000000000    0.208333333   16.554318974
 1008.000000000    0.000000000    0.208333333   16.695035854
 1028.000000000    0.000000000    0.250000000   17.043042509
 1026.000000000    0.000000000    0.250000000   17.067156406
 1024.000000000    0.000000000    0.250000000   17.114257766
 1022.000000000    0.000000000    0.250000000   17.141357390
 1020.000000000    0.000000000    0.250000000   17.213121941
 1018.000000000    0.000000000    0.250000000   17.322637001
 1016.000000000    0.000000000    0.250000000   17.454617890
 1014.000000000    0.000000000    0.250000000   17.545970669
 1012.000000000    0.000000000    0.250000000   17.654982349
 1010.000000000    0.000000000    0.250000000   17.810228607
 1008.000000000    0.000000000    0.250000000   17.952131061
 1028.000000000    0.000000000    0.291666667   18.316644290
 1026.000000000    0.000000000    0.291666667   18.357916037
 1024.000000000    0.000000000    0.291666667   18.404012220
 1022.000000000    0.000000000    0.291666667   18.444408337
 1020.000000000    0.000000000    0.291666667   18.506669393
 1018.000000000    0.000000000    0.291666667   18.602956040
 1016.000000000    0.000000000    0.291666667   18.710193085
 1014.000000000    0.000000000    0.291666667   18.859435944
 1012.000000000    0.000000000    0.291666667   18.959298497
 1010.000000000    0.000000000    0.291666667   19.105104683
 1008.000000000    0.000000000    0.291666667   19.243956776
 1028.000000000    0.000000000    0.333333333   19.652059814
 1026.000000000    0.000000000    0.333333333   19.639483886
 1024.000000000    0.000000000    0.333333333   19.710086705
 1022.000000000    0.000000000    0.333333333   19.841030752
 1020.000000000    0.000000000    0.333333333   19.876343990
 1018.000000000    0.000000000    0.333333333   19.961979659
 1016.000000000    0.000000000    0.333333333   20.082175406
 1014.000000000    0.000000000    0.333333333   20.203641010
 1012.000000000    0.000000000    0.333333333   20.329528535
 1010.000000000    0.000000000    0.333333333   20.428668754
 1008.000000000    0.000000000    0.333333333   20.605348283
 1028.000000000    0.000000000    0.375000000   21.012229053
 1026.000000000    0.000000000    0.375000000   21.003933856
 1024.000000000    0.000000000    0.375000000   21.061083348
 1022.000000000    0.000000000    0.375000000   21.158959763
 1020.000000000    0.000000000    0.375000000   21.257596975
 1018.000000000    0.000000000    0.375000000   21.410007821
 1016.000000000    0.000000000    0.375000000   21.494648932
 1014.000000000    0.000000000    0.375000000   21.610121941
 1012.000000000    0.000000000    0.375000000   21.734544029
 1010.000000000    0.000000000    0.375000000   21.884473367
 1008.000000000    0.000000000    0.375000000   21.974927699
 1052.000000000    0.000000000    0.000000000   17.193153454
 1054.000000000    0.000000000    0.000000000   17.939966032
 1056.000000000    0.000000000    0.000000000   18.733843835
 1058.000000000    0.000000000    0.000000000   19.628622429
 1060.000000000    0.000000000    0.000000000   20.533506898
 1062.000000000    0.000000000    0.000000000   21.495241811
 1064.000000000    0.000000000    0.000000000   22.474698676
 1066.000000000    0.000000000    0.000000000   23.527729092
 1068.000000000    0.000000000    0.000000000   24.585316563
 1070.000000000    0.000000000    0.000000000   25.690200226
 1072.000000000    0.000000000    0.000000000   26.874587266
 1052.000000000    0.000000000    0.041666667   17.206772836
 1054.000000000    0.000000000    0.041666667   17.893286468
 1056.000000000    0.000000000    0.041666667   18.712631287
 1058.000000000    0.000000000    0.041666667   19.582640240
 1060.000000000    0.000000000    0.041666667   20.522517292
 1062.000000000    0.000000000    0.041666667   21.464840183
 1064.000000000    0.000000000    0.041666667   22.479000269
 1066.000000000    0.000000000    0.041666667   23.503434611
 1068.000000000    0.000000000    0.041666667   24.633031571
 1070.000000000    0.000000000    0.041666667   25.741350790
 1072.000000000    0.000000000    0.041666667   26.911477698
 1052.000000000    0.000000000    0.083333333   17.355669150
 1054.000000000    0.000000000    0.083333333   18.080989039
 1056.000000000    0.000000000    0.083333333   18.873428693
 1058.000000000    0.000000000    0.083333333   19.747562287
 1060.000000000    0.000000000    0.083333333   20.620122692
 1062.000000000    0.000000000    0.083333333   21.553815855
 1064.000000000    0.000000000    0.083333333   22.527912119
 1066.000000000    0.000000000    0.083333333   23.572082305
 1068.000000000    0.000000000    0.083333333   24.672280205
 1070.000000000    0.000000000    0.083333333   25.770060113
 1072.000000000    0.000000000    0.083333333   26.948234299
 1052.000000000    0.000000000    0.125000000   17.719471129
 1054.000000000    0.000000000    0.125000000   18.413660722
 1056.000000000    0.000000000    0.125000000   19.184048614
 1058.000000000    0.000000000    0.125000000   20.045368699
 1060.000000000    0.000000000    0.125000000   20.900977822
 1062.000000000    0.000000000    0.125000000   21.796636609
 1064.000000000    0.000000000    0.125000000   22.806422831
 1066.000000000    0.000000000    0.125000000   23.824630259
 1068.000000000    0.000000000    0.125000000   24.877847312
 1070.000000000    0.000000000    0.125000000   26.015426917
 1072.000000000    0.000000000    0.125000000   27.175585227
 1052.000000000    0.000000000    0.166666667   18.265984906
 1054.000000000    0.000000000    0.166666667   18.932115706
 1056.000000000    0.000000000    0.166666667   19.673629059
 1058.000000000    0.000000000    0.166666667   20.528334239
 1060.000000000    0.000000000    0.166666667   21.380897472
 1062.000000000    0.000000000    0.166666667   22.276272113
 1064.000000000    0.000000000    0.166666667   23.264789721
 1066.000000000    0.000000000    0.166666667   24.257875001
 1068.000000000    0.000000000    0.166666667   25.292921299
 1070.000000000    0.000000000    0.166666667   26.433352893
 1072.000000000    0.000000000    0.166666667   27.560554584
 1052.000000000    0.000000000    0.208333333   18.935735570
 1054.000000000    0.000000000    0.208333333   19.590386143
 1056.000000000    0.000000000    0.208333333   20.349480165
 1058.000000000    0.000000000    0.208333333   21.162191452
 1060.000000000    0.000000000    0.208333333   22.069858341
 1062.000000000    0.000000000    0.208333333   22.976375325
 1064.000000000    0.000000000    0.208333333   23.903290136
 1066.000000000    0.000000000    0.208333333   24.877273524
 1068.000000000    0.000000000    0.208333333   25.894892914
 1070.000000000    0.000000000    0.208333333   27.003229922
 1072.000000000    0.000000000    0.208333333   28.106713528
 1052.000000000    0.000000000    0.250000000   19.825596316
 1054.000000000    0.000000000    0.250000000   20.466969023
 1056.000000000    0.000000000    0.250000000   21.210490214
 1058.000000000    0.000000000    0.250000000   22.012273362
 1060.000000000    0.000000000    0.250000000   22.849395173
 1062.000000000    0.000000000    0.250000000   23.765646061
 1064.000000000    0.000000000    0.250000000   24.701977940
 1066.000000000    0.000000000    0.250000000   25.651493343
 1068.000000000    0.000000000    0.250000000   26.645261189
 1070.000000000    0.000000000    0.250000000   27.704320895
 1072.000000000    0.000000000    0.250000000   28.785695648
 1052.000000000    0.000000000    0.291666667   20.841560839
 1054.000000000    0.000000000    0.291666667   21.450099675
 1056.000000000    0.000000000    0.291666667   22.135825502
 1058.000000000    0.000000000    0.291666667   22.908642562
 1060.000000000    0.000000000    0.291666667   23.736689752
 1062.000000000    0.000000000    0.291666667   24.619115843
 1064.000000000    0.000000000    0.291666667   25.526011968
 1066.000000000    0.000000000    0.291666667   26.485058991
 1068.000000000    0.000000000    0.291666667   27.484287275
 1070.000000000    0.000000000    0.291666667   28.518971475
 1072.000000000    0.000000000    0.291666667   29.573516129
 1052.000000000    0.000000000    0.333333333   21.929213358
 1054.000000000    0.000000000    0.333333333   22.476289188
 1056.000000000    0.000000000    0.333333333   23.125001462
 1058.000000000    0.000000000    0.333333333   23.824041942
 1060.000000000    0.000000000    0.333333333   24.678942980
 1062.000000000    0.000000000    0.333333333   25.505557423
 1064.000000000    0.000000000    0.333333333   26.412409032
 1066.000000000    0.000000000    0.333333333   27.369240252
 1068.000000000    0.000000000    0.333333333   28.332329402
 1070.000000000    0.000000000    0.333333333   29.356682813
 1072.000000000    0.000000000    0.333333333   30.354236392
 1052.000000000    0.000000000    0.375000000   23.054957436
 1054.000000000    0.000000000    0.375000000   23.605218576
 1056.000000000    0.000000000    0.375000000   24.188389769
 1058.000000000    0.000000000    0.375000000   24.867702043
 1060.000000000    0.000000000    0.375000000   25.640368322
 1062.000000000    0.000000000    0.375000000   26.406134898
 1064.000000000    0.000000000    0.375000000   27.350789541
 1066.000000000    0.000000000    0.375000000   28.245747602
 1068.000000000    0.000000000    0.375000000   29.263214627
 1070.000000000    0.000000000    0.375000000   30.228767032
 1072.000000000    0.000000000    0.375000000   31.197259529
