Data from 300_HR4D30811__0__07.txt Node

197.25	-4207.15
197.385	-4207.15
197.519	-4207.15
197.653	-4234.15
197.787	1143.85
197.922	-585.15
198.056	577.85
198.19	6.85
198.324	-372.15
198.459	-1022.15
198.593	2598.85
198.727	-280.15
198.861	-483.15
198.996	1191.85
199.13	-1600.15
199.264	-1291.15
199.398	-130.15
199.533	1388.85
199.667	796.85
199.801	-563.15
199.935	-1349.15
200.07	-362.15
200.204	183.85
200.338	-1127.15
200.472	-922.15
200.606	-1790.15
200.741	-978.15
200.875	-1026.15
201.009	-660.15
201.143	-1424.15
201.277	514.85
201.412	-24.15
201.546	1391.85
201.68	602.85
201.814	-1224.15
201.948	179.85
202.082	-533.15
202.217	-1751.15
202.351	-690.15
202.485	-512.15
202.619	-1241.15
202.753	-1826.15
202.887	1500.85
203.021	599.85
203.156	1381.85
203.29	272.85
203.424	-473.15
203.558	-1172.15
203.692	-487.15
203.826	-1680.15
203.96	-976.15
204.094	884.85
204.229	-969.15
204.363	-1343.15
204.497	-1715.15
204.631	-1580.15
204.765	-1031.15
204.899	-550.15
205.033	-816.15
205.167	-1357.15
205.301	-40.15
205.435	-1728.15
205.569	-440.15
205.704	-545.15
205.838	-1738.15
205.972	-1007.15
206.106	2685.85
206.24	-779.15
206.374	-1329.15
206.508	-95.15
206.642	-59.15
206.776	-1000.15
206.91	632.85
207.044	-111.15
207.178	654.85
207.312	-467.15
207.446	-774.15
207.58	-771.15
207.714	-1744.15
207.848	924.85
207.982	-1950.15
208.116	334.85
208.25	-1258.15
208.384	-1124.15
208.518	-1040.15
208.652	-1455.15
208.786	-1633.15
208.92	1123.85
209.054	-321.15
209.188	-1413.15
209.322	-637.15
209.456	-755.15
209.59	-1505.15
209.724	-715.15
209.858	-368.15
209.992	-607.15
210.126	-1016.15
210.26	-771.15
210.394	-468.15
210.528	-355.15
210.662	-1039.15
210.796	-864.15
210.929	646.85
211.063	-125.15
211.197	-248.15
211.331	-162.15
211.465	-1151.15
211.599	340.85
211.733	486.85
211.867	-805.15
212.001	-1118.15
212.135	-584.15
212.269	-1084.15
212.402	-1062.15
212.536	347.85
212.67	-886.15
212.804	-1237.15
212.938	138.85
213.072	-1281.15
213.206	-721.15
213.34	-1034.15
213.473	-814.15
213.607	686.85
213.741	-1791.15
213.875	-1418.15
214.009	-1245.15
214.143	-964.15
214.277	-999.15
214.41	-1166.15
214.544	1067.85
214.678	577.85
214.812	1459.85
214.946	-1479.15
215.08	-719.15
215.213	-1137.15
215.347	-986.15
215.481	-591.15
215.615	-1673.15
215.749	264.85
215.882	-1413.15
216.016	-1469.15
216.15	97.85
216.284	920.85
216.418	-285.15
216.551	234.85
216.685	-164.15
216.819	-1547.15
216.953	-1016.15
217.086	1540.85
217.22	-881.15
217.354	-299.15
217.488	151.85
217.621	648.85
217.755	-174.15
217.889	-857.15
218.023	-616.15
218.156	451.85
218.29	264.85
218.424	742.85
218.558	-1336.15
218.691	-1913.15
218.825	-805.15
218.959	2312.85
219.092	-942.15
219.226	-1609.15
219.36	-1675.15
219.494	-560.15
219.627	-1222.15
219.761	-1184.15
219.895	-435.15
220.028	-1675.15
220.162	2005.85
220.296	637.85
220.429	72.85
220.563	-826.15
220.697	-422.15
220.83	-1025.15
220.964	-907.15
221.098	-1553.15
221.231	-1380.15
221.365	446.85
221.499	-1366.15
221.632	-1281.15
221.766	25.85
221.9	-467.15
222.033	-690.15
222.167	395.85
222.3	-1192.15
222.434	121.85
222.568	965.85
222.701	-943.15
222.835	-984.15
222.968	-1371.15
223.102	-1440.15
223.236	-1549.15
223.369	-102.15
223.503	353.85
223.636	-1356.15
223.77	-1130.15
223.904	-209.15
224.037	-1098.15
224.171	243.85
224.304	-105.15
224.438	-1366.15
224.571	-708.15
224.705	857.85
224.839	-494.15
224.972	-2070.15
225.106	119.85
225.239	-521.15
225.373	368.85
225.506	-413.15
225.64	482.85
225.773	-785.15
225.907	-1084.15
226.04	-1857.15
226.174	-647.15
226.307	-454.15
226.441	-872.15
226.575	-437.15
226.708	919.85
226.842	-308.15
226.975	-1094.15
227.109	-1349.15
227.242	151.85
227.375	281.85
227.509	-403.15
227.642	-1192.15
227.776	358.85
227.909	48.85
228.043	-1342.15
228.176	752.85
228.31	-1401.15
228.443	1561.85
228.577	-476.15
228.71	-1101.15
228.844	-109.15
228.977	-1284.15
229.111	-1087.15
229.244	-380.15
229.377	-1511.15
229.511	-321.15
229.644	-1184.15
229.778	-943.15
229.911	-1008.15
230.044	-631.15
230.178	-161.15
230.311	-1384.15
230.445	367.85
230.578	-1281.15
230.711	-857.15
230.845	1603.85
230.978	293.85
231.112	-1343.15
231.245	-1612.15
231.378	-1294.15
231.512	299.85
231.645	-2215.15
231.779	-1724.15
231.912	-204.15
232.045	248.85
232.179	-908.15
232.312	-816.15
232.445	506.85
232.579	1329.85
232.712	772.85
232.845	-1296.15
232.979	-1987.15
233.112	168.85
233.245	-776.15
233.379	-1749.15
233.512	-298.15
233.645	-1503.15
233.779	-1378.15
233.912	12.85
234.045	-960.15
234.179	302.85
234.312	-993.15
234.445	-22.15
234.578	-445.15
234.712	50.85
234.845	165.85
234.978	-904.15
235.112	-689.15
235.245	749.85
235.378	-1328.15
235.511	-24.15
235.645	-9.15
235.778	32.85
235.911	-1033.15
236.044	-1773.15
236.178	1237.85
236.311	-1282.15
236.444	-1566.15
236.577	-1382.15
236.711	-842.15
236.844	-1951.15
236.977	-961.15
237.11	-999.15
237.243	-343.15
237.377	-1509.15
237.51	-1296.15
237.643	5049.85
237.776	-1161.15
237.909	-708.15
238.043	-223.15
238.176	-1482.15
238.309	-385.15
238.442	-1650.15
238.575	-659.15
238.709	1967.85
238.842	-237.15
238.975	-137.15
239.108	728.85
239.241	-1671.15
239.374	-1636.15
239.508	-1147.15
239.641	954.85
239.774	1887.85
239.907	-552.15
240.04	-1432.15
240.173	-8.15
240.306	1402.85
240.44	-1288.15
240.573	846.85
240.706	-923.15
240.839	-232.15
240.972	-385.15
241.105	-185.15
241.238	276.85
241.371	-414.15
241.504	-640.15
241.638	-650.15
241.771	-470.15
241.904	-987.15
242.037	166.85
242.17	-1106.15
242.303	-1672.15
242.436	-565.15
242.569	-741.15
242.702	-1139.15
242.835	-941.15
242.968	-200.15
243.101	-892.15
243.234	-1086.15
243.367	-1536.15
243.5	-661.15
243.634	-1055.15
243.767	-1511.15
243.9	-1283.15
244.033	-1554.15
244.166	351.85
244.299	-1719.15
244.432	-1270.15
244.565	-335.15
244.698	-1859.15
244.831	-1049.15
244.964	-1623.15
245.097	-1197.15
245.23	-342.15
245.363	1008.85
245.496	-1559.15
245.629	-814.15
245.762	2331.85
245.895	-1407.15
246.028	-1079.15
246.161	2086.85
246.294	1.85
246.427	-1239.15
246.559	259.85
246.692	-530.15
246.825	-951.15
246.958	-1091.15
247.091	-1763.15
247.224	-1734.15
247.357	-1361.15
247.49	699.85
247.623	-1243.15
247.756	-1366.15
247.889	1615.85
248.022	-620.15
248.155	-1443.15
248.288	-735.15
248.421	-1385.15
248.553	413.85
248.686	-1293.15
248.819	500.85
248.952	-1505.15
249.085	902.85
249.218	-492.15
249.351	-695.15
249.484	196.85
249.617	-439.15
249.749	-1453.15
249.882	-1596.15
250.015	-1403.15
250.148	-985.15
250.281	-1644.15
250.414	-1151.15
250.547	-920.15
250.679	671.85
250.812	-714.15
250.945	-227.15
251.078	-1476.15
251.211	-881.15
251.344	-1522.15
251.476	-1113.15
251.609	-609.15
251.742	-1515.15
251.875	-478.15
252.008	-1198.15
252.14	-1905.15
252.273	-594.15
252.406	944.85
252.539	-135.15
252.672	-793.15
252.804	711.85
252.937	-1572.15
253.07	-104.15
253.203	-1021.15
253.335	350.85
253.468	-2095.15
253.601	-923.15
253.734	-661.15
253.866	-1112.15
253.999	2117.85
254.132	-170.15
254.265	-905.15
254.397	-1163.15
254.53	-754.15
254.663	-519.15
254.796	-1221.15
254.928	-1524.15
255.061	-1245.15
255.194	-498.15
255.327	-1782.15
255.459	-138.15
255.592	-1760.15
255.725	431.85
255.857	-1243.15
255.99	-319.15
256.123	-1509.15
256.255	-1467.15
256.388	-593.15
256.521	-1348.15
256.653	-1794.15
256.786	-1624.15
256.919	-1027.15
257.051	-1586.15
257.184	-215.15
257.317	-1349.15
257.449	-1546.15
257.582	-589.15
257.715	-1200.15
257.847	-1473.15
257.98	-656.15
258.113	-1131.15
258.245	-926.15
258.378	-2084.15
258.51	-1757.15
258.643	-1240.15
258.776	165.85
258.908	-1492.15
259.041	-494.15
259.174	-1187.15
259.306	-1296.15
259.439	-1636.15
259.571	-1299.15
259.704	-926.15
259.837	612.85
259.969	-1166.15
260.102	-1338.15
260.234	1106.85
260.367	148.85
260.499	-1211.15
260.632	-959.15
260.765	-1201.15
260.897	-1133.15
261.03	-1496.15
261.162	-531.15
261.295	-380.15
261.427	56.85
261.56	-357.15
261.692	-1554.15
261.825	-289.15
261.957	140.85
262.09	346.85
262.222	13.85
262.355	-1464.15
262.487	-695.15
262.62	-1359.15
262.752	-977.15
262.885	-795.15
263.017	-96.15
263.15	-1026.15
263.282	-578.15
263.415	-1367.15
263.547	-572.15
263.68	659.85
263.812	-1785.15
263.945	-603.15
264.077	-1591.15
264.21	814.85
264.342	-1724.15
264.475	-1334.15
264.607	569.85
264.74	-2335.15
264.872	-393.15
265.004	719.85
265.137	369.85
265.269	1874.85
265.402	-1532.15
265.534	-1095.15
265.667	-1200.15
265.799	591.85
265.931	-597.15
266.064	27.85
266.196	-1333.15
266.329	-926.15
266.461	-1132.15
266.593	167.85
266.726	-1936.15
266.858	-1039.15
266.99	-788.15
267.123	-1009.15
267.255	-281.15
267.388	-911.15
267.52	-1364.15
267.652	-1131.15
267.785	533.85
267.917	-214.15
268.049	-992.15
268.182	1850.85
268.314	279.85
268.446	-1927.15
268.579	-1458.15
268.711	1016.85
268.843	-1290.15
268.976	-460.15
269.108	1857.85
269.24	752.85
269.373	-288.15
269.505	-881.15
269.637	-949.15
269.77	-1128.15
269.902	810.85
270.034	-1501.15
270.167	169.85
270.299	-145.15
270.431	-160.15
270.563	-1264.15
270.696	-216.15
270.828	-861.15
270.96	-664.15
271.092	-299.15
271.225	-1468.15
271.357	-587.15
271.489	-1238.15
271.621	-1399.15
271.754	2431.85
271.886	-1490.15
272.018	-1295.15
272.15	1390.85
272.283	-1778.15
272.415	-1021.15
272.547	87.85
272.679	380.85
272.811	-696.15
272.944	-710.15
273.076	-1985.15
273.208	-365.15
273.34	-604.15
273.473	-965.15
273.605	272.85
273.737	-1823.15
273.869	-646.15
274.001	-2108.15
274.133	-61.15
274.266	-1268.15
274.398	7714.85
274.53	71.85
274.662	475.85
274.794	122.85
274.926	12.85
275.059	-1400.15
275.191	-98.15
275.323	-1613.15
275.455	179.85
275.587	-1287.15
275.719	-916.15
275.851	-826.15
275.983	26.85
276.116	-109.15
276.248	337.85
276.38	-1546.15
276.512	-412.15
276.644	-701.15
276.776	-1608.15
276.908	-447.15
277.04	-1048.15
277.172	86.85
277.304	-1181.15
277.437	-150.15
277.569	-1396.15
277.701	-1458.15
277.833	-786.15
277.965	-939.15
278.097	-120.15
278.229	-1052.15
278.361	-1145.15
278.493	251.85
278.625	566.85
278.757	120.85
278.889	-1441.15
279.021	-1219.15
279.153	2949.85
279.285	-1444.15
279.417	3095.85
279.549	301.85
279.681	-896.15
279.813	-1337.15
279.945	116.85
280.077	-1256.15
280.209	5205.85
280.341	-1639.15
280.473	-958.15
280.605	392.85
280.737	-402.15
280.869	1150.85
281.001	-487.15
281.133	-1895.15
281.265	-625.15
281.397	-807.15
281.529	998.85
281.661	-1379.15
281.793	-2081.15
281.925	-1217.15
282.057	-867.15
282.189	-835.15
282.321	-478.15
282.453	41.85
282.585	-1574.15
282.717	729.85
282.849	-580.15
282.98	-940.15
283.112	-1193.15
283.244	-533.15
283.376	-1580.15
283.508	-1904.15
283.64	-1486.15
283.772	365.85
283.904	348.85
284.036	-1632.15
284.168	739.85
284.299	-239.15
284.431	-476.15
284.563	-848.15
284.695	-806.15
284.827	-1543.15
284.959	-92.15
285.091	-1287.15
285.222	-1613.15
285.354	-1290.15
285.486	-752.15
285.618	-1722.15
285.75	-898.15
285.882	551.85
286.013	175.85
286.145	-507.15
286.277	-219.15
286.409	58.85
286.541	87.85
286.673	-1155.15
286.804	-1308.15
286.936	-179.15
287.068	-1475.15
287.2	-1265.15
287.332	1030.85
287.463	-1837.15
287.595	-488.15
287.727	2215.85
287.859	-858.15
287.99	-1050.15
288.122	-1356.15
288.254	-100.15
288.386	-1209.15
288.517	-1627.15
288.649	-1078.15
288.781	-434.15
288.913	-364.15
289.044	-1974.15
289.176	727.85
289.308	-1060.15
289.44	-1913.15
289.571	-1237.15
289.703	-1451.15
289.835	292.85
289.967	-1515.15
290.098	-1584.15
290.23	-1826.15
290.362	544.85
290.493	-1887.15
290.625	-1088.15
290.757	-1430.15
290.888	-1019.15
291.02	-349.15
291.152	-620.15
291.283	-372.15
291.415	-833.15
291.547	-1675.15
291.678	-1493.15
291.81	-390.15
291.942	1214.85
292.073	-273.15
292.205	-1489.15
292.337	-329.15
292.468	2730.85
292.6	-1175.15
292.732	2579.85
292.863	-1349.15
292.995	-1856.15
293.126	187.85
293.258	465.85
293.39	-1715.15
293.521	-1633.15
293.653	-1862.15
293.785	262.85
293.916	-1486.15
294.048	239.85
294.179	-108.15
294.311	-1509.15
294.442	197.85
294.574	-1653.15
294.706	-701.15
294.837	604.85
294.969	-505.15
295.1	-988.15
295.232	-1603.15
295.363	848.85
295.495	-1480.15
295.627	43.85
295.758	770.85
295.89	-1998.15
296.021	29.85
296.153	321.85
296.284	-554.15
296.416	-841.15
296.547	-1036.15
296.679	-281.15
296.81	-509.15
296.942	-1879.15
297.073	-1614.15
297.205	-1457.15
297.336	-851.15
297.468	-1404.15
297.599	-611.15
297.731	-1655.15
297.862	-621.15
297.994	-1771.15
298.125	-1374.15
298.257	-599.15
298.388	180.85
298.52	-12.15
298.651	-407.15
298.782	1813.85
298.914	-478.15
299.045	52.85
299.177	-159.15
299.308	1371.85
299.44	4114.85
299.571	5122.85
299.702	5172.85
299.834	5984.85
299.965	5645.85
300.097	5259.85
300.228	4882.85
300.36	4188.85
300.491	2410.85
300.622	1047.85
300.754	-474.15
300.885	-1074.15
301.017	-603.15
301.148	-1231.15
301.279	-1939.15
301.411	255.85
301.542	-360.15
301.673	-434.15
301.805	98.85
301.936	-1250.15
302.067	-958.15
302.199	-1077.15
302.33	-1670.15
302.461	1776.85
302.593	-276.15
302.724	-143.15
302.855	-1699.15
302.987	-657.15
303.118	-1769.15
303.249	-2127.15
303.381	-855.15
303.512	-1064.15
303.643	-1120.15
303.775	364.85
303.906	-1516.15
304.037	-1343.15
304.169	-1283.15
304.3	-1040.15
304.431	-1716.15
304.562	-1115.15
304.694	-817.15
304.825	-376.15
304.956	408.85
305.087	-1100.15
305.219	101.85
305.35	-478.15
305.481	-1176.15
305.612	-16.15
305.744	-29.15
305.875	-1108.15
306.006	2390.85
306.137	-1136.15
306.269	-340.15
306.4	-332.15
306.531	319.85
306.662	-881.15
306.794	351.85
306.925	-1004.15
307.056	-1639.15
307.187	-126.15
307.318	-791.15
307.45	-1021.15
307.581	-1755.15
307.712	-1393.15
307.843	-673.15
307.974	-492.15
308.105	330.85
308.237	241.85
308.368	-1734.15
308.499	-1013.15
308.63	-169.15
308.761	-738.15
308.892	-713.15
309.024	-1200.15
309.155	-1330.15
309.286	-1083.15
309.417	-1604.15
309.548	-1025.15
309.679	-904.15
309.81	-2155.15
309.941	2166.85
310.073	-136.15
310.204	-2172.15
310.335	-55.15
310.466	-1045.15
310.597	-1916.15
310.728	-1035.15
310.859	1650.85
310.99	1582.85
311.121	-723.15
311.252	-867.15
311.383	-1366.15
311.514	-85.15
311.646	-993.15
311.777	-305.15
311.908	-558.15
312.039	-935.15
312.17	-2071.15
312.301	-1226.15
312.432	-1299.15
312.563	-2002.15
312.694	-1128.15
312.825	-882.15
312.956	-1112.15
313.087	64.85
313.218	72.85
313.349	-960.15
313.48	-1952.15
313.611	-827.15
313.742	-564.15
313.873	119.85
314.004	-168.15
314.135	-1123.15
314.266	-699.15
314.397	-1261.15
314.528	-1549.15
314.659	-1631.15
314.79	-1582.15
314.921	0.85
315.052	131.85
315.183	-1353.15
315.314	-1853.15
315.445	-205.15
315.576	-347.15
315.707	-892.15
315.838	-1018.15
315.968	-631.15
316.099	-1638.15
316.23	-1980.15
316.361	187.85
316.492	-1120.15
316.623	415.85
316.754	560.85
316.885	-2121.15
317.016	-2048.15
317.147	-1990.15
317.278	15.85
317.408	-1386.15
317.539	-1729.15
317.67	-1582.15
317.801	-433.15
317.932	-1217.15
318.063	-1340.15
318.194	-728.15
318.325	-536.15
318.455	-2254.15
318.586	-1301.15
318.717	105.85
318.848	-1725.15
318.979	-256.15
319.11	1116.85
319.24	132.85
319.371	317.85
319.502	-666.15
319.633	-1436.15
319.764	-486.15
319.895	-1402.15
320.025	-579.15
320.156	-1995.15
320.287	-2233.15
320.418	-1367.15
320.549	-545.15
320.679	-2082.15
320.81	429.85
320.941	-1865.15
321.072	-1148.15
321.202	-186.15
321.333	1109.85
321.464	-2128.15
321.595	-1405.15
321.726	556.85
321.856	-1909.15
321.987	-978.15
322.118	-1346.15
322.249	38.85
322.379	-159.15
322.51	-293.15
322.641	-702.15
322.771	-2011.15
322.902	-611.15
323.033	-629.15
323.164	3998.85
323.294	-1131.15
323.425	-1163.15
323.556	-1396.15
323.686	-857.15
323.817	1311.85
323.948	-245.15
324.078	-1092.15
324.209	719.85
324.34	-1317.15
324.47	928.85
324.601	-1178.15
324.732	-769.15
324.862	-48.15
324.993	-1379.15
325.124	-2528.15
325.254	-736.15
325.385	-521.15
325.516	2843.85
325.646	1431.85
325.777	-1146.15
325.908	-1174.15
326.038	212.85
326.169	-1181.15
326.299	-307.15
326.43	474.85
326.561	-720.15
326.691	-703.15
326.822	-1733.15
326.952	-1481.15
327.083	-751.15
327.214	-1597.15
327.344	-677.15
327.475	-248.15
327.605	-331.15
327.736	-1266.15
327.867	-1781.15
327.997	-1102.15
328.128	-416.15
328.258	-1822.15
328.389	1123.85
328.519	-1916.15
328.65	57.85
328.78	-1307.15
328.911	-444.15
329.041	215.85
329.172	-1809.15
329.303	-1261.15
329.433	-852.15
329.564	-1707.15
329.694	-1632.15
329.825	-1271.15
329.955	-355.15
330.086	1926.85
330.216	-614.15
330.347	-1618.15
330.477	-796.15
330.608	-1021.15
330.738	-704.15
330.868	-1680.15
330.999	-1123.15
331.129	365.85
331.26	-1202.15
331.39	-1304.15
331.521	310.85
331.651	-347.15
331.782	-1904.15
331.912	-1793.15
332.043	-1621.15
332.173	-74.15
332.303	-1866.15
332.434	374.85
332.564	-307.15
332.695	-1432.15
332.825	-1907.15
332.956	-1448.15
333.086	-845.15
333.216	-1580.15
333.347	-181.15
333.477	-2266.15
333.608	-637.15
333.738	-211.15
333.868	-729.15
333.999	-589.15
334.129	351.85
334.259	-664.15
334.39	-1268.15
334.52	364.85
334.65	-1119.15
334.781	370.85
334.911	-1106.15
335.042	-1617.15
335.172	-232.15
335.302	-900.15
335.433	1405.85
335.563	-1478.15
335.693	-446.15
335.824	826.85
335.954	-1895.15
336.084	-354.15
336.214	-641.15
336.345	1490.85
336.475	495.85
336.605	-1658.15
336.736	1544.85
336.866	-979.15
336.996	-1020.15
337.126	-1698.15
337.257	-730.15
337.387	-2117.15
337.517	-1179.15
337.648	-1929.15
337.778	570.85
337.908	-292.15
338.038	334.85
338.169	-995.15
338.299	896.85
338.429	-652.15
338.559	-1267.15
338.69	-1058.15
338.82	2011.85
338.95	-479.15
339.08	-2257.15
339.21	-1875.15
339.341	-675.15
339.471	-42.15
339.601	-609.15
339.731	-446.15
339.861	-1069.15
339.992	-1089.15
340.122	-749.15
340.252	-1265.15
340.382	-1071.15
340.512	-770.15
340.642	794.85
340.773	-743.15
340.903	-1678.15
341.033	-796.15
341.163	-93.15
341.293	220.85
341.423	-1340.15
341.554	-1822.15
341.684	-405.15
341.814	-745.15
341.944	-1041.15
342.074	-688.15
342.204	-1044.15
342.334	1011.85
342.464	-1839.15
342.595	-933.15
342.725	-1704.15
342.855	-329.15
342.985	-1156.15
343.115	-1596.15
343.245	-2001.15
343.375	-92.15
343.505	-1027.15
343.635	-113.15
343.765	-1350.15
343.895	-2120.15
344.025	-72.15
344.155	-1993.15
344.286	-1082.15
344.416	-689.15
344.546	661.85
344.676	-706.15
344.806	513.85
344.936	-371.15
345.066	955.85
345.196	-1811.15
345.326	-1672.15
345.456	506.85
345.586	-1393.15
345.716	-1653.15
345.846	219.85
345.976	-2034.15
346.106	-863.15
346.236	-404.15
346.366	168.85
346.496	-735.15
346.626	-958.15
346.756	-1353.15
346.886	-1237.15
347.016	-1911.15
347.146	-1300.15
347.276	-1695.15
347.406	-1035.15
347.536	-334.15
347.666	50.85
347.795	-1676.15
347.925	-971.15
348.055	247.85
348.185	-1170.15
348.315	-1492.15
348.445	502.85
348.575	-1171.15
348.705	-1671.15
348.835	-1668.15
348.965	-830.15
349.095	26.85
349.225	1272.85
349.354	-1576.15
349.484	-933.15
349.614	-963.15
349.744	-1603.15
349.874	-1737.15
350.004	-2056.15
350.134	-1777.15
350.264	-1852.15
350.393	-1971.15
350.523	602.85
350.653	-1934.15
350.783	97.85
350.913	621.85
351.043	-1164.15
351.173	-1162.15
351.302	-462.15
351.432	871.85
351.562	-454.15
351.692	-617.15
351.822	-1010.15
351.951	-2066.15
352.081	935.85
352.211	-642.15
352.341	922.85
352.471	607.85
352.6	-806.15
352.73	-1402.15
352.86	-934.15
352.99	-401.15
353.12	-527.15
353.249	-311.15
353.379	-1584.15
353.509	264.85
353.639	-1641.15
353.768	-632.15
353.898	-1339.15
354.028	-1848.15
354.158	-1156.15
354.287	-1200.15
354.417	-1694.15
354.547	-1579.15
354.677	-1928.15
354.806	-1108.15
354.936	-233.15
355.066	-1500.15
355.195	-256.15
355.325	-442.15
355.455	-1535.15
355.584	782.85
355.714	-1284.15
355.844	564.85
355.974	-84.15
356.103	-1053.15
356.233	-833.15
356.363	-35.15
356.492	-1617.15
356.622	-1785.15
356.752	-443.15
356.881	-2246.15
357.011	180.85
357.14	517.85
357.27	-765.15
357.4	188.85
357.529	-1241.15
357.659	465.85
357.789	33.85
357.918	-1725.15
358.048	-1905.15
358.177	-1175.15
358.307	-1403.15
358.437	-554.15
358.566	-1350.15
358.696	232.85
358.825	646.85
358.955	-1835.15
359.085	-274.15
359.214	-2385.15
359.344	-615.15
359.473	-1523.15
359.603	-1185.15
359.733	-1322.15
359.862	-1816.15
359.992	229.85
360.121	-1190.15
360.251	-184.15
360.38	-1862.15
360.51	212.85
360.639	-1011.15
360.769	-639.15
360.898	614.85
361.028	291.85
361.157	-787.15
361.287	-548.15
361.416	-1316.15
361.546	-1028.15
361.675	-980.15
361.805	-1222.15
361.934	178.85
362.064	-913.15
362.193	-1271.15
362.323	-1643.15
362.452	540.85
362.582	-1644.15
362.711	-702.15
362.841	192.85
362.97	-88.15
363.1	-1588.15
363.229	-1777.15
363.359	-1019.15
363.488	-1110.15
363.617	-666.15
363.747	-707.15
363.876	-2305.15
364.006	-52.15
364.135	-700.15
364.265	-1226.15
364.394	-999.15
364.523	1245.85
364.653	-1484.15
364.782	-426.15
364.912	-1668.15
365.041	-1461.15
365.17	-1680.15
365.3	50.85
365.429	598.85
365.558	-927.15
365.688	-1578.15
365.817	-2020.15
365.947	-589.15
366.076	-542.15
366.205	-506.15
366.335	-1998.15
366.464	-1814.15
366.593	533.85
366.723	-911.15
366.852	-1175.15
366.981	-571.15
367.111	-1703.15
367.24	-1021.15
367.369	-986.15
367.499	2852.85
367.628	621.85
367.757	-1077.15
367.886	-279.15
368.016	101.85
368.145	-775.15
368.274	-485.15
368.404	-1650.15
368.533	-828.15
368.662	-241.15
368.791	-1206.15
368.921	-2256.15
369.05	470.85
369.179	-516.15
369.308	1566.85
369.438	-2068.15
369.567	-2219.15
369.696	-735.15
369.825	-233.15
369.955	-1286.15
370.084	-408.15
370.213	-601.15
370.342	-1788.15
370.472	-1775.15
370.601	2206.85
370.73	149.85
370.859	-2323.15
370.988	-1199.15
371.118	-1891.15
371.247	-46.15
371.376	567.85
371.505	-555.15
371.634	-569.15
371.763	-623.15
371.893	-1630.15
372.022	-1048.15
372.151	-1638.15
372.28	-1928.15
372.409	-2360.15
372.538	-1132.15
372.667	-621.15
372.797	542.85
372.926	-2050.15
373.055	-614.15
373.184	-947.15
373.313	-1553.15
373.442	-497.15
373.571	-1508.15
373.7	-965.15
373.83	-370.15
373.959	-2385.15
374.088	-1071.15
374.217	195.85
374.346	-1009.15
374.475	-2259.15
374.604	-1497.15
374.733	829.85
374.862	-528.15
374.991	-1580.15
375.12	-444.15
375.249	-649.15
375.378	-1434.15
375.508	-1649.15
375.637	-1766.15
375.766	-13.15
375.895	-1066.15
376.024	454.85
376.153	-1459.15
376.282	-1004.15
376.411	-1417.15
376.54	-2312.15
376.669	-536.15
376.798	-1184.15
376.927	-1758.15
377.056	360.85
377.185	-804.15
377.314	105.85
377.443	1559.85
377.572	-1759.15
377.701	-1405.15
377.83	423.85
377.959	-285.15
378.088	8583.85
378.217	288.85
378.346	-1275.15
378.474	-1875.15
378.603	-1776.15
378.732	-301.15
378.861	-1298.15
378.99	-1315.15
379.119	-2170.15
379.248	-706.15
379.377	-871.15
379.506	-943.15
379.635	229.85
379.764	-868.15
379.893	-1869.15
380.022	-1936.15
380.15	-937.15
380.279	-2186.15
380.408	-1595.15
380.537	-815.15
380.666	-292.15
380.795	-621.15
380.924	-1037.15
381.053	-1303.15
381.181	-655.15
381.31	3960.85
381.439	-1808.15
381.568	-863.15
381.697	-996.15
381.826	-897.15
381.955	-1782.15
382.083	-775.15
382.212	-1815.15
382.341	-269.15
382.47	-1700.15
382.599	-582.15
382.727	1399.85
382.856	-475.15
382.985	-487.15
383.114	-1150.15
383.243	-1559.15
383.371	-766.15
383.5	-1678.15
383.629	-1584.15
383.758	-1518.15
383.887	-2338.15
384.015	-612.15
384.144	-1483.15
384.273	-799.15
384.402	-409.15
384.53	-1515.15
384.659	-1464.15
384.788	-1628.15
384.917	-1459.15
385.045	-890.15
385.174	-825.15
385.303	-2219.15
385.432	261.85
385.56	-968.15
385.689	-901.15
385.818	-596.15
385.946	-480.15
386.075	-1600.15
386.204	-1650.15
386.332	-841.15
386.461	-97.15
386.59	-80.15
386.718	-1780.15
386.847	-1943.15
386.976	-1245.15
387.104	-2208.15
387.233	-1792.15
387.362	-666.15
387.49	-534.15
387.619	-1741.15
387.748	-826.15
387.876	567.85
388.005	-769.15
388.134	1.85
388.262	-1634.15
388.391	-1474.15
388.52	-387.15
388.648	-1893.15
388.777	292.85
388.905	-1328.15
389.034	-1190.15
389.163	-1584.15
389.291	-766.15
389.42	-75.15
389.548	319.85
389.677	-777.15
389.805	-625.15
389.934	-42.15
390.063	-1793.15
390.191	-2146.15
390.32	-1472.15
390.448	-865.15
390.577	-1785.15
390.705	-1968.15
390.834	-946.15
390.962	-1903.15
391.091	-1760.15
391.22	23.85
391.348	556.85
391.477	-242.15
391.605	-2087.15
391.734	-1594.15
391.862	-1278.15
391.991	-1886.15
392.119	-1786.15
392.248	-1071.15
392.376	-443.15
392.505	-935.15
392.633	-1593.15
392.762	1169.85
392.89	-1661.15
393.018	177.85
393.147	-1456.15
393.275	-2161.15
393.404	-1656.15
393.532	-1364.15
393.661	-829.15
393.789	-517.15
393.918	-547.15
394.046	-906.15
394.174	-777.15
394.303	-2070.15
394.431	-1350.15
394.56	-76.15
394.688	-2226.15
394.817	-2422.15
394.945	531.85
395.073	105.85
395.202	-524.15
395.33	-1226.15
395.459	-771.15
395.587	178.85
395.715	247.85
395.844	-973.15
395.972	-2173.15
396.1	408.85
396.229	-1568.15
396.357	-562.15
396.485	-1195.15
396.614	-1764.15
396.742	158.85
396.87	-889.15
396.999	-288.15
397.127	-1863.15
397.255	-711.15
397.384	-323.15
397.512	-2111.15
397.64	-1585.15
397.769	-1085.15
397.897	-521.15
398.025	-751.15
398.154	-586.15
398.282	607.85
398.41	-734.15
398.538	-573.15
398.667	-1521.15
398.795	-1385.15
398.923	-181.15
399.052	-1027.15
399.18	-228.15
399.308	-973.15
399.436	723.85
399.565	-1706.15
399.693	-558.15
399.821	-1004.15
399.949	-1369.15
400.078	1765.85
400.206	-1836.15
400.334	-1835.15
400.462	-1307.15
400.59	-1832.15
400.719	-1282.15
400.847	-1444.15
400.975	-491.15
401.103	-1477.15
401.231	-865.15
401.36	-749.15
401.488	-90.15
401.616	-991.15
401.744	-1050.15
401.872	-1568.15
402	-388.15
402.129	-1323.15
402.257	-1549.15
402.385	-1098.15
402.513	-1036.15
402.641	-1002.15
402.769	-1047.15
402.897	-1436.15
403.026	-2309.15
403.154	-2099.15
403.282	-1761.15
403.41	-1073.15
403.538	705.85
403.666	-1951.15
403.794	-1086.15
403.922	-820.15
404.05	-665.15
404.179	-1027.15
404.307	-755.15
404.435	-1651.15
404.563	-1847.15
404.691	-2051.15
404.819	2431.85
404.947	-1755.15
405.075	-1648.15
405.203	-1899.15
405.331	-1716.15
405.459	-1979.15
405.587	-637.15
405.715	-1500.15
405.843	-1433.15
405.971	-695.15
406.099	515.85
406.227	-275.15
406.355	-1163.15
406.483	-2133.15
406.611	-647.15
406.739	-1694.15
406.867	-1963.15
406.995	-1296.15
407.123	-1145.15
407.251	-2228.15
407.379	-1849.15
407.507	-365.15
407.635	-1239.15
407.763	-2359.15
407.891	-1533.15
408.019	-52.15
408.147	-205.15
408.275	964.85
408.403	-1981.15
408.531	-2051.15
408.659	762.85
408.787	-786.15
408.915	-1315.15
409.043	-1338.15
409.171	80.85
409.299	-72.15
409.427	375.85
409.554	-2188.15
409.682	1371.85
409.81	-633.15
409.938	-1518.15
410.066	206.85
410.194	-564.15
410.322	-1774.15
410.45	-1196.15
410.578	-2197.15
410.705	-1877.15
410.833	-766.15
410.961	295.85
411.089	1454.85
411.217	-869.15
411.345	-1049.15
411.473	-1785.15
411.6	-816.15
411.728	-1241.15
411.856	-1818.15
411.984	-1816.15
412.112	-585.15
412.239	-765.15
412.367	-1218.15
412.495	355.85
412.623	-1568.15
412.751	-104.15
412.878	-1869.15
413.006	-1008.15
413.134	187.85
413.262	323.85
413.39	-244.15
413.517	-600.15
413.645	10.85
413.773	-1968.15
413.901	1050.85
414.028	-1189.15
414.156	-807.15
414.284	-1614.15
414.412	82.85
414.539	-1491.15
414.667	-1471.15
414.795	-1775.15
414.923	-2205.15
415.05	-1390.15
415.178	-347.15
415.306	1617.85
415.433	-1493.15
415.561	93.85
415.689	-27.15
415.816	-1531.15
415.944	895.85
416.072	-1879.15
416.2	-35.15
416.327	1136.85
416.455	-1616.15
416.583	-1275.15
416.71	-1479.15
416.838	332.85
416.966	-1897.15
417.093	-1149.15
417.221	136.85
417.348	-581.15
417.476	-1970.15
417.604	-1154.15
417.731	-1015.15
417.859	-45.15
417.987	-633.15
418.114	-1707.15
418.242	351.85
418.369	-1373.15
418.497	-2085.15
418.625	177.85
418.752	-804.15
418.88	-1931.15
419.007	549.85
419.135	-996.15
419.263	-1584.15
419.39	-550.15
419.518	-449.15
419.645	-1519.15
419.773	-1162.15
419.9	-1475.15
420.028	2917.85
420.155	-1799.15
420.283	264.85
420.41	-512.15
420.538	-862.15
420.666	-1384.15
420.793	-1062.15
420.921	-1359.15
421.048	-337.15
421.176	48.85
421.303	-948.15
421.431	-1798.15
421.558	-2179.15
421.686	122.85
421.813	-323.15
421.941	-1561.15
422.068	-740.15
422.195	106.85
422.323	-138.15
422.45	-2320.15
422.578	-776.15
422.705	-1686.15
422.833	-883.15
422.96	-1854.15
423.088	-223.15
423.215	1588.85
423.343	1502.85
423.47	-604.15
423.597	900.85
423.725	-1003.15
423.852	-985.15
423.98	-654.15
424.107	-2086.15
424.234	-1032.15
424.362	-1564.15
424.489	-1433.15
424.617	3003.85
424.744	-659.15
424.871	-1881.15
424.999	-1270.15
425.126	297.85
425.253	-593.15
425.381	-1527.15
425.508	-2002.15
425.636	174.85
425.763	-1191.15
425.89	-1412.15
426.018	-1955.15
426.145	-1183.15
426.272	-787.15
426.4	-116.15
426.527	215.85
426.654	-1599.15
426.781	-440.15
426.909	-598.15
427.036	-717.15
427.163	-2161.15
427.291	-1796.15
427.418	-1113.15
427.545	-985.15
427.673	-1960.15
427.8	-2260.15
427.927	-1708.15
428.054	-538.15
428.182	-1234.15
428.309	-1152.15
428.436	-1431.15
428.563	-1981.15
428.691	-336.15
428.818	-1273.15
428.945	-200.15
429.072	-2062.15
429.2	-159.15
429.327	-688.15
429.454	237.85
429.581	-1045.15
429.708	-2144.15
429.836	-1676.15
429.963	-1366.15
430.09	-1412.15
430.217	-1404.15
430.344	-1915.15
430.472	-1431.15
430.599	-641.15
430.726	-1237.15
430.853	-1081.15
430.98	-290.15
431.107	-1903.15
431.235	-686.15
431.362	-556.15
431.489	-1152.15
431.616	1035.85
431.743	446.85
431.87	-2260.15
431.997	-1179.15
432.125	-1054.15
432.252	-2477.15
432.379	-1286.15
432.506	-762.15
432.633	-1860.15
432.76	-702.15
432.887	460.85
433.014	-1145.15
433.141	-1779.15
433.268	134.85
433.395	-1488.15
433.523	-1394.15
433.65	-1077.15
433.777	-969.15
433.904	-1215.15
434.031	-2116.15
434.158	-795.15
434.285	85.85
434.412	-2372.15
434.539	-1008.15
434.666	-1931.15
434.793	-1744.15
434.92	-1965.15
435.047	-320.15
435.174	-1079.15
435.301	-120.15
435.428	1066.85
435.555	966.85
435.682	-433.15
435.809	-1995.15
435.936	517.85
436.063	-1628.15
436.19	843.85
436.317	-1431.15
436.444	60.85
436.571	-1807.15
436.698	-438.15
436.825	224.85
436.952	-435.15
437.079	-614.15
437.206	-134.15
437.333	-1676.15
437.46	-1283.15
437.587	-939.15
437.714	-1895.15
437.84	-929.15
437.967	-2022.15
438.094	-2149.15
438.221	219.85
438.348	-806.15
438.475	11198.85
438.602	-1755.15
438.729	11337.85
438.856	-1363.15
438.983	4062.85
439.109	-355.15
439.236	632.85
439.363	-2509.15
439.49	-1381.15
439.617	-879.15
439.744	-1396.15
439.871	1957.85
439.997	-1548.15
440.124	-1133.15
440.251	-305.15
440.378	-1438.15
440.505	-1395.15
440.632	322.85
440.758	484.85
440.885	1090.85
441.012	-1579.15
441.139	-51.15
441.266	-1866.15
441.392	-914.15
441.519	-1784.15
441.646	-2172.15
441.773	-466.15
441.9	974.85
442.026	-1107.15
442.153	-665.15
442.28	-373.15
442.407	-1871.15
442.533	51.85
442.66	-710.15
442.787	-907.15
442.914	-1655.15
443.04	-1429.15
443.167	-1068.15
443.294	-924.15
443.421	-363.15
443.547	-1725.15
443.674	-1109.15
443.801	-476.15
443.927	208.85
444.054	1422.85
444.181	-8.15
444.307	374.85
444.434	-131.15
444.561	-1724.15
444.688	-2105.15
444.814	-177.15
444.941	-968.15
445.068	-1779.15
445.194	1128.85
445.321	-1732.15
445.447	1226.85
445.574	-2279.15
445.701	-2283.15
445.827	-1239.15
445.954	-2211.15
446.081	50.85
446.207	-1837.15
446.334	-1087.15
446.461	-1037.15
446.587	-2197.15
446.714	-81.15
446.84	-160.15
446.967	-1239.15
447.094	-1179.15
447.22	-76.15
447.347	-1069.15
447.473	-1220.15
447.6	-573.15
447.726	-2315.15
447.853	-955.15
447.98	-734.15
448.106	-401.15
448.233	-1019.15
448.359	-1563.15
448.486	-351.15
448.612	-1236.15
448.739	-519.15
448.865	124.85
448.992	825.85
449.118	-1045.15
449.245	-1977.15
449.371	-1987.15
449.498	-569.15
449.624	-31.15
449.751	-765.15
449.877	-1628.15
450.004	-631.15
450.13	-574.15
450.257	-1752.15
450.383	-1139.15
450.51	-1908.15
450.636	-1441.15
450.763	-939.15
450.889	-1553.15
451.016	-2084.15
451.142	-424.15
451.269	-1664.15
451.395	1057.85
451.521	-742.15
451.648	-1410.15
451.774	-944.15
451.901	-2316.15
452.027	-607.15
452.154	440.85
452.28	-1391.15
452.406	-1732.15
452.533	-1579.15
452.659	-1749.15
452.785	-1097.15
452.912	-2050.15
453.038	-1732.15
453.165	-125.15
453.291	486.85
453.417	434.85
453.544	-1477.15
453.67	-1194.15
453.796	732.85
453.923	-1774.15
454.049	-1261.15
454.175	-1427.15
454.302	-1578.15
454.428	-623.15
454.554	-346.15
454.681	-1354.15
454.807	-1738.15
454.933	1339.85
455.06	-427.15
455.186	-961.15
455.312	252.85
455.439	-57.15
455.565	-1554.15
455.691	-1825.15
455.817	-70.15
455.944	142.85
456.07	-709.15
456.196	-209.15
456.322	-2195.15
456.449	-2338.15
456.575	-448.15
456.701	-1428.15
456.827	-1570.15
456.954	-2083.15
457.08	-1489.15
457.206	-2298.15
457.332	-1014.15
457.459	-2174.15
457.585	-1515.15
457.711	-1367.15
457.837	-253.15
457.963	-771.15
458.09	-1721.15
458.216	-1715.15
458.342	-987.15
458.468	-1407.15
458.594	-909.15
458.721	-804.15
458.847	-683.15
458.973	-2135.15
459.099	-951.15
459.225	-827.15
459.351	-1430.15
459.477	-664.15
459.604	-1733.15
459.73	-1184.15
459.856	-1719.15
459.982	-978.15
460.108	-2168.15
460.234	-2210.15
460.36	-1365.15
460.486	-337.15
460.613	-1587.15
460.739	190.85
460.865	-1320.15
460.991	874.85
461.117	1212.85
461.243	-1598.15
461.369	-1986.15
461.495	-1346.15
461.621	-594.15
461.747	-356.15
461.873	-170.15
461.999	-1772.15
462.125	-948.15
462.252	132.85
462.378	-675.15
462.504	-617.15
462.63	-318.15
462.756	-1685.15
462.882	-1528.15
463.008	-1543.15
463.134	-36.15
463.26	-2054.15
463.386	-1294.15
463.512	-806.15
463.638	-1321.15
463.764	-1736.15
463.89	-1356.15
464.016	210.85
464.142	30.85
464.268	-1617.15
464.394	-1415.15
464.52	-1991.15
464.645	-297.15
464.771	389.85
464.897	-1561.15
465.023	-1739.15
465.149	-538.15
465.275	-1991.15
465.401	-1763.15
465.527	453.85
465.653	-495.15
465.779	402.85
465.905	-1827.15
466.031	-808.15
466.157	-1468.15
466.282	-1072.15
466.408	-1688.15
466.534	-929.15
466.66	-2113.15
466.786	-1002.15
466.912	-793.15
467.038	-1242.15
467.164	-1048.15
467.289	-1260.15
467.415	-1127.15
467.541	-1156.15
467.667	-849.15
467.793	-1117.15
467.919	-569.15
468.045	-283.15
468.17	-1528.15
468.296	-875.15
468.422	-1268.15
468.548	-90.15
468.674	-2082.15
468.799	-1563.15
468.925	-1417.15
469.051	-1866.15
469.177	-2113.15
469.303	-1938.15
469.428	-46.15
469.554	-1735.15
469.68	-1437.15
469.806	-288.15
469.931	-893.15
470.057	1985.85
470.183	-2361.15
470.309	-1297.15
470.434	496.85
470.56	-1341.15
470.686	-471.15
470.812	-946.15
470.937	-1845.15
471.063	-1825.15
471.189	-269.15
471.315	306.85
471.44	-943.15
471.566	-1375.15
471.692	343.85
471.817	-1437.15
471.943	-952.15
472.069	-412.15
472.194	-1101.15
472.32	-1389.15
472.446	-226.15
472.571	-1980.15
472.697	-1228.15
472.823	-609.15
472.948	-2042.15
473.074	-899.15
473.2	-840.15
473.325	-1926.15
473.451	-1229.15
473.577	-1092.15
473.702	-2185.15
473.828	-1059.15
473.953	-2143.15
474.079	-985.15
474.205	-1868.15
474.33	-1869.15
474.456	-1279.15
474.581	800.85
474.707	-1194.15
474.833	-1253.15
474.958	-620.15
475.084	-182.15
475.209	-1265.15
475.335	-1770.15
475.46	-807.15
475.586	-1675.15
475.712	-503.15
475.837	-1294.15
475.963	-1473.15
476.088	-2310.15
476.214	-1391.15
476.339	-1346.15
476.465	-1685.15
476.59	-2208.15
476.716	457.85
476.841	-1996.15
476.967	720.85
477.092	-1262.15
477.218	-398.15
477.343	-1744.15
477.469	351.85
477.594	-1681.15
477.72	-1779.15
477.845	-464.15
477.971	-1532.15
478.096	-998.15
478.222	-1257.15
478.347	11035.85
478.472	-353.15
478.598	-1434.15
478.723	-1236.15
478.849	-8.15
478.974	-663.15
479.1	-1901.15
479.225	-474.15
479.35	-1140.15
479.476	-396.15
479.601	-1648.15
479.727	74.85
479.852	-1451.15
479.977	-901.15
480.103	-993.15
480.228	872.85
480.354	-1090.15
480.479	-8.15
480.604	-1597.15
480.73	-1231.15
480.855	-2218.15
480.98	10.85
481.106	-2220.15
481.231	-1885.15
481.356	-1587.15
481.482	-2283.15
481.607	-1854.15
481.732	-2472.15
481.858	-1005.15
481.983	-2067.15
482.108	-1694.15
482.234	-2172.15
482.359	-1406.15
482.484	393.85
482.61	-1675.15
482.735	-574.15
482.86	-2216.15
482.985	-1573.15
483.111	-1238.15
483.236	-289.15
483.361	-1344.15
483.486	-1708.15
483.612	-67.15
483.737	-2143.15
483.862	-976.15
483.987	-622.15
484.113	-2488.15
484.238	-245.15
484.363	-1928.15
484.488	-1206.15
484.614	-182.15
484.739	-1087.15
484.864	244.85
484.989	2130.85
485.114	-630.15
485.24	-920.15
485.365	-1272.15
485.49	-2286.15
485.615	-235.15
485.74	-1029.15
485.865	-557.15
485.991	-939.15
486.116	-810.15
486.241	-2074.15
486.366	-1871.15
486.491	-613.15
486.616	-1984.15
486.742	-1131.15
486.867	-1078.15
486.992	-1944.15
487.117	-1856.15
487.242	-1479.15
487.367	-2262.15
487.492	-1435.15
487.617	-443.15
487.742	-839.15
487.868	-1601.15
487.993	-380.15
488.118	-1014.15
488.243	-564.15
488.368	-1358.15
488.493	-2464.15
488.618	-1544.15
488.743	-1189.15
488.868	-1748.15
488.993	-1204.15
489.118	-246.15
489.243	-804.15
489.368	-1357.15
489.493	-158.15
489.618	-924.15
489.743	-1918.15
489.868	-894.15
489.993	-1749.15
490.118	-2464.15
490.243	2021.85
490.368	-1404.15
490.493	-612.15
490.618	-219.15
490.743	-2370.15
490.868	-1076.15
490.993	-1092.15
491.118	-255.15
491.243	-1951.15
491.368	-1285.15
491.493	-596.15
491.618	-1284.15
491.743	-1194.15
491.868	-1655.15
491.993	-1078.15
492.118	-1940.15
492.243	-695.15
492.368	-590.15
492.493	-1665.15
492.618	175.85
492.743	-1212.15
492.867	-45.15
492.992	-1181.15
493.117	-306.15
493.242	-1395.15
493.367	-1302.15
493.492	247.85
493.617	-1859.15
493.742	427.85
493.867	-1075.15
493.991	-2322.15
494.116	-1139.15
494.241	-756.15
494.366	-1236.15
494.491	-343.15
494.616	20.85
494.74	-1514.15
494.865	-2015.15
494.99	-1635.15
495.115	-1324.15
495.24	-921.15
495.365	-1346.15
495.489	-1513.15
495.614	-825.15
495.739	-1090.15
495.864	-1701.15
495.989	-2229.15
496.113	-106.15
496.238	-881.15
496.363	-1531.15
496.488	-1912.15
496.612	-364.15
496.737	-1425.15
496.862	-1095.15
496.987	-1426.15
497.111	-2099.15
497.236	-1740.15
497.361	-1719.15
497.486	297.85
497.61	-78.15
497.735	-1080.15
497.86	-320.15
497.984	-460.15
498.109	-2352.15
498.234	-1595.15
498.359	-1624.15
498.483	-1064.15
498.608	-1267.15
498.733	-1310.15
498.857	-1921.15
498.982	-1009.15
499.107	-2283.15
499.231	-995.15
499.356	-1507.15
499.481	492.85
499.605	-2636.15
499.73	-1805.15
499.855	273.85
499.979	-1848.15
500.104	-1213.15
500.228	519.85
500.353	-1180.15
500.478	-2143.15
500.602	-692.15
500.727	499.85
500.852	-360.15
500.976	-2435.15
501.101	-1575.15
501.225	990.85
501.35	-1943.15
501.474	-1785.15
501.599	-75.15
501.724	-1371.15
501.848	-1193.15
501.973	-79.15
502.097	-2089.15
502.222	-2426.15
502.346	33.85
502.471	-569.15
502.595	-1831.15
502.72	-2025.15
502.844	-1946.15
502.969	-1380.15
503.094	526.85
503.218	-2021.15
503.343	-1625.15
503.467	-1685.15
503.592	-1495.15
503.716	-1315.15
503.841	-716.15
503.965	928.85
504.089	-1493.15
504.214	-1951.15
504.338	-1317.15
504.463	-683.15
504.587	-1146.15
504.712	-758.15
504.836	-1177.15
504.961	1492.85
505.085	485.85
505.21	-1645.15
505.334	-1627.15
505.458	898.85
505.583	-2035.15
505.707	-493.15
505.832	-1478.15
505.956	-860.15
506.08	-1904.15
506.205	-1321.15
506.329	196.85
506.454	-2170.15
506.578	-854.15
506.702	-1750.15
506.827	359.85
506.951	-809.15
507.076	-1220.15
507.2	-1910.15
507.324	-529.15
507.449	-96.15
507.573	-1017.15
507.697	-1337.15
507.822	-959.15
507.946	-1381.15
508.07	-2286.15
508.195	-1044.15
508.319	-1329.15
508.443	-1090.15
508.567	-2390.15
508.692	-2031.15
508.816	-1630.15
508.94	-1367.15
509.065	-2461.15
509.189	-482.15
509.313	-672.15
509.437	-201.15
509.562	-1206.15
509.686	-588.15
509.81	-1024.15
509.935	-544.15
510.059	-106.15
510.183	-1695.15
510.307	-2209.15
510.431	-307.15
510.556	-1234.15
510.68	-1447.15
510.804	-2405.15
510.928	-1164.15
511.053	-2129.15
511.177	-2057.15
511.301	-1068.15
511.425	-1643.15
511.549	-1016.15
511.674	-813.15
511.798	-927.15
511.922	-567.15
512.046	535.85
512.17	-1407.15
512.294	-2117.15
512.419	-971.15
512.543	-535.15
512.667	-1326.15
512.791	-1889.15
512.915	-552.15
513.039	-1382.15
513.163	-256.15
513.288	751.85
513.412	-1464.15
513.536	51.85
513.66	-1695.15
513.784	-1002.15
513.908	-775.15
514.032	-1042.15
514.156	4.85
514.28	-647.15
514.404	-1430.15
514.528	-1177.15
514.653	-339.15
514.777	-40.15
514.901	-648.15
515.025	-98.15
515.149	-1369.15
515.273	-737.15
515.397	-1375.15
515.521	-1288.15
515.645	-1203.15
515.769	-1802.15
515.893	-1621.15
516.017	-1673.15
516.141	-2200.15
516.265	-1544.15
516.389	-1820.15
516.513	-1165.15
516.637	-1667.15
516.761	-2664.15
516.885	-1816.15
517.009	-1319.15
517.133	-1031.15
517.257	-1426.15
517.381	-321.15
517.505	-161.15
517.629	487.85
517.753	-1377.15
517.877	-2188.15
518.001	-1670.15
518.125	-1194.15
518.248	-325.15
518.372	-1187.15
518.496	-2401.15
518.62	-397.15
518.744	-991.15
518.868	-995.15
518.992	-1045.15
519.116	-1723.15
519.24	2196.85
519.364	23.85
519.488	-1056.15
519.611	-2192.15
519.735	-1226.15
519.859	-1390.15
519.983	-602.15
520.107	-1099.15
520.231	-184.15
520.355	-1208.15
520.478	-2095.15
520.602	-1994.15
520.726	260.85
520.85	-1266.15
520.974	-81.15
521.098	-1395.15
521.221	-1967.15
521.345	18.85
521.469	-1818.15
521.593	-1049.15
521.717	203.85
521.84	-1256.15
521.964	-1928.15
522.088	-1388.15
522.212	-1558.15
522.335	-2146.15
522.459	-1866.15
522.583	1333.85
522.707	-1895.15
522.83	-2571.15
522.954	-1713.15
523.078	-1533.15
523.202	-43.15
523.325	-1669.15
523.449	-1063.15
523.573	-1061.15
523.697	-1727.15
523.82	-1019.15
523.944	-1657.15
524.068	-995.15
524.191	-1267.15
524.315	-2360.15
524.439	-900.15
524.562	-86.15
524.686	-1481.15
524.81	-1850.15
524.933	-1862.15
525.057	-1500.15
525.181	-674.15
525.304	-2197.15
525.428	187.85
525.552	-1945.15
525.675	-1294.15
525.799	-1974.15
525.923	-1042.15
526.046	-416.15
526.17	-2258.15
526.293	-2182.15
526.417	-1250.15
526.541	-193.15
526.664	-1454.15
526.788	-1479.15
526.911	-827.15
527.035	-1827.15
527.159	-1332.15
527.282	-1595.15
527.406	-1816.15
527.529	-315.15
527.653	-1981.15
527.776	-881.15
527.9	-1950.15
528.024	-1677.15
528.147	-1348.15
528.271	-165.15
528.394	-357.15
528.518	-19.15
528.641	-1959.15
528.765	-896.15
528.888	-1107.15
529.012	-387.15
529.135	-1235.15
529.259	113.85
529.382	-1614.15
529.506	-1795.15
529.629	-1060.15
529.753	-2131.15
529.876	186.85
530	204.85
530.123	-712.15
530.247	-1924.15
530.37	-1599.15
530.493	-983.15
530.617	-2019.15
530.74	-59.15
530.864	-615.15
530.987	-2068.15
531.111	-647.15
531.234	-2036.15
531.357	-590.15
531.481	-331.15
531.604	-140.15
531.728	-2386.15
531.851	-1039.15
531.974	-814.15
532.098	-1321.15
532.221	-1891.15
532.345	-1406.15
532.468	-1876.15
532.591	621.85
532.715	-1325.15
532.838	-1451.15
532.961	-1133.15
533.085	-1804.15
533.208	-1107.15
533.331	-2512.15
533.455	160.85
533.578	-1349.15
533.701	-746.15
533.825	-457.15
533.948	-1412.15
534.071	-1454.15
534.195	-350.15
534.318	-2207.15
534.441	-1305.15
534.564	-605.15
534.688	-1813.15
534.811	-567.15
534.934	-1222.15
535.058	-863.15
535.181	157.85
535.304	-654.15
535.427	-1850.15
535.551	-2194.15
535.674	-1316.15
535.797	-651.15
535.92	-278.15
536.043	-2110.15
536.167	-2211.15
536.29	-767.15
536.413	-773.15
536.536	-1857.15
536.66	-1568.15
536.783	-1001.15
536.906	-757.15
537.029	-1522.15
537.152	-1649.15
537.275	-1184.15
537.399	433.85
537.522	-2445.15
537.645	-1474.15
537.768	-1707.15
537.891	-615.15
538.014	-1282.15
538.138	-1744.15
538.261	-1627.15
538.384	-1146.15
538.507	-1794.15
538.63	-1755.15
538.753	156.85
538.876	-941.15
538.999	-1916.15
539.123	-561.15
539.246	624.85
539.369	957.85
539.492	-1815.15
539.615	-2178.15
539.738	362.85
539.861	-1538.15
539.984	-1035.15
540.107	-891.15
540.23	-1835.15
540.353	-1700.15
540.476	-2537.15
540.599	-424.15
540.722	-2039.15
540.846	-715.15
540.969	-2177.15
541.092	-870.15
541.215	-2181.15
541.338	-729.15
541.461	-1820.15
541.584	-1226.15
541.707	-1189.15
541.83	-1533.15
541.953	-713.15
542.076	-1307.15
542.199	-1076.15
542.322	57.85
542.445	676.85
542.567	-1300.15
542.69	-957.15
542.813	-1130.15
542.936	-492.15
543.059	-1338.15
543.182	894.85
543.305	422.85
543.428	-1043.15
543.551	-1496.15
543.674	92.85
543.797	-279.15
543.92	-1277.15
544.043	899.85
544.166	-2157.15
544.288	-1324.15
544.411	-520.15
544.534	-2069.15
544.657	-925.15
544.78	-1132.15
544.903	-619.15
545.026	-1415.15
545.149	-2110.15
545.271	-1931.15
545.394	-1641.15
545.517	-2383.15
545.64	1800.85
545.763	-1304.15
545.886	-1549.15
546.008	-831.15
546.131	-387.15
546.254	-1300.15
546.377	-2272.15
546.5	-836.15
546.623	-887.15
546.745	-1927.15
546.868	-1184.15
546.991	-165.15
547.114	-1211.15
547.236	-902.15
547.359	-1871.15
547.482	-1166.15
547.605	-1968.15
547.728	-1265.15
547.85	-1967.15
547.973	-1763.15
548.096	-1548.15
548.219	-605.15
548.341	-1118.15
548.464	-2425.15
548.587	-1257.15
548.709	-1453.15
548.832	-954.15
548.955	1106.85
549.078	-96.15
549.2	-1518.15
549.323	-1318.15
549.446	195.85
549.568	-1298.15
549.691	-349.15
549.814	-274.15
549.936	-1491.15
550.059	-1619.15
550.182	-1846.15
550.304	-2309.15
550.427	-1279.15
550.55	-1766.15
550.672	-1447.15
550.795	1201.85
550.917	-1842.15
551.04	-1498.15
551.163	-559.15
551.285	424.85
551.408	-419.15
551.531	1379.85
551.653	-1877.15
551.776	-989.15
551.898	-858.15
552.021	-929.15
552.143	-1097.15
552.266	-1046.15
552.389	-1416.15
552.511	-2129.15
552.634	-1959.15
552.756	-1907.15
552.879	1087.85
553.001	-174.15
553.124	-2045.15
553.246	-1659.15
553.369	-27.15
553.492	-1400.15
553.614	290.85
553.737	-2620.15
553.859	-559.15
553.982	-308.15
554.104	-574.15
554.227	-1724.15
554.349	-1456.15
554.472	-1565.15
554.594	-2332.15
554.716	133.85
554.839	-685.15
554.961	-1003.15
555.084	-1593.15
555.206	-967.15
555.329	-2421.15
555.451	-2195.15
555.574	-756.15
555.696	-1884.15
555.819	-1285.15
555.941	-1101.15
556.063	-278.15
556.186	-1126.15
556.308	-730.15
556.431	685.85
556.553	-191.15
556.675	-1533.15
556.798	-1525.15
556.92	-435.15
557.043	-1357.15
557.165	-1906.15
557.287	-721.15
557.41	-1434.15
557.532	-996.15
557.654	-1454.15
557.777	-423.15
557.899	-1287.15
558.021	-889.15
558.144	480.85
558.266	-66.15
558.388	1148.85
558.511	-816.15
558.633	-1232.15
558.755	-1659.15
558.878	-1995.15
559	-127.15
559.122	-2335.15
559.244	-1793.15
559.367	-1571.15
559.489	246.85
559.611	394.85
559.734	-1240.15
559.856	-1033.15
559.978	-685.15
560.1	-916.15
560.223	-1184.15
560.345	-371.15
560.467	-1812.15
560.589	-1406.15
560.712	-1715.15
560.834	630.85
560.956	-1974.15
561.078	-1013.15
561.2	-1114.15
561.323	122.85
561.445	-2039.15
561.567	-1409.15
561.689	-2135.15
561.811	-896.15
561.934	-1016.15
562.056	-1224.15
562.178	-613.15
562.3	-1563.15
562.422	-618.15
562.544	-782.15
562.666	-619.15
562.789	-906.15
562.911	-770.15
563.033	-28.15
563.155	-595.15
563.277	-1787.15
563.399	-2121.15
563.521	-1313.15
563.643	-1877.15
563.766	-1205.15
563.888	7.85
564.01	-688.15
564.132	-2146.15
564.254	-2206.15
564.376	393.85
564.498	-896.15
564.62	243.85
564.742	-1322.15
564.864	-1917.15
564.986	-753.15
565.108	1167.85
565.23	-1667.15
565.352	36.85
565.474	-588.15
565.597	418.85
565.719	109.85
565.841	-1874.15
565.963	-1108.15
566.085	-1162.15
566.207	-1345.15
566.329	177.85
566.451	219.85
566.573	-1628.15
566.695	-1632.15
566.817	1065.85
566.938	-1737.15
567.06	-1437.15
567.182	-1068.15
567.304	-951.15
567.426	-1803.15
567.548	-50.15
567.67	-901.15
567.792	-1079.15
567.914	-1563.15
568.036	-1392.15
568.158	-902.15
568.28	-1678.15
568.402	-545.15
568.524	-1383.15
568.646	-2005.15
568.767	-1257.15
568.889	-237.15
569.011	-1512.15
569.133	-1753.15
569.255	-2094.15
569.377	-1887.15
569.499	-980.15
569.621	-1913.15
569.742	1407.85
569.864	-308.15
569.986	1467.85
570.108	-571.15
570.23	-1824.15
570.352	500.85
570.473	-982.15
570.595	-1419.15
570.717	-1878.15
570.839	-572.15
570.961	-329.15
571.082	-1391.15
571.204	-1559.15
571.326	-1725.15
571.448	-467.15
571.57	-416.15
571.691	-746.15
571.813	-618.15
571.935	-205.15
572.057	-1244.15
572.178	-1807.15
572.3	703.85
572.422	277.85
572.544	448.85
572.665	-1358.15
572.787	-1930.15
572.909	359.85
573.031	-780.15
573.152	-1885.15
573.274	-344.15
573.396	-779.15
573.517	-340.15
573.639	-2080.15
573.761	-1584.15
573.882	-1169.15
574.004	-617.15
574.126	-1413.15
574.247	-80.15
574.369	-345.15
574.491	-1271.15
574.612	-1611.15
574.734	-840.15
574.856	-1180.15
574.977	-926.15
575.099	-420.15
575.221	-662.15
575.342	-1499.15
575.464	-960.15
575.585	-121.15
575.707	-1719.15
575.829	151.85
575.95	94.85
576.072	-1319.15
576.193	-1628.15
576.315	-1533.15
576.437	-1308.15
576.558	-821.15
576.68	-1092.15
576.801	61.85
576.923	-2155.15
577.044	294.85
577.166	-2037.15
577.287	-1219.15
577.409	-1548.15
577.531	-692.15
577.652	-251.15
577.774	-2263.15
577.895	-1203.15
578.017	-1488.15
578.138	-1588.15
578.26	-1383.15
578.381	-688.15
578.503	-1442.15
578.624	-1341.15
578.746	-2414.15
578.867	-1287.15
578.988	-467.15
579.11	689.85
579.231	-812.15
579.353	-1854.15
579.474	-755.15
579.596	-1203.15
579.717	-457.15
579.839	-1280.15
579.96	-2084.15
580.081	-299.15
580.203	-1506.15
580.324	-1067.15
580.446	-59.15
580.567	-617.15
580.688	432.85
580.81	-2157.15
580.931	-1282.15
581.053	-2033.15
581.174	-1029.15
581.295	-1983.15
581.417	-151.15
581.538	-126.15
581.659	-475.15
581.781	-1284.15
581.902	-1263.15
582.024	-1738.15
582.145	-1855.15
582.266	-2011.15
582.388	-840.15
582.509	-1788.15
582.63	-948.15
582.751	-1679.15
582.873	-862.15
582.994	-1347.15
583.115	-1384.15
583.237	-1002.15
583.358	-1442.15
583.479	-2184.15
583.6	-372.15
583.722	-1386.15
583.843	-1947.15
583.964	-243.15
584.086	-1588.15
584.207	-902.15
584.328	-1902.15
584.449	-359.15
584.57	-998.15
584.692	-1216.15
584.813	4720.85
584.934	-831.15
585.055	-1983.15
585.177	-507.15
585.298	-746.15
585.419	-1836.15
585.54	586.85
585.661	-663.15
585.783	-460.15
585.904	-1498.15
586.025	-215.15
586.146	-1970.15
586.267	-1174.15
586.388	-1546.15
586.51	1027.85
586.631	-2198.15
586.752	-1663.15
586.873	-1212.15
586.994	-2222.15
587.115	-2091.15
587.236	-1161.15
587.357	-2147.15
587.479	-1987.15
587.6	227.85
587.721	-985.15
587.842	-1659.15
587.963	714.85
588.084	-58.15
588.205	-1836.15
588.326	-954.15
588.447	-1210.15
588.568	-1563.15
588.689	-662.15
588.81	-656.15
588.931	-1449.15
589.052	-1870.15
589.174	-1396.15
589.295	-575.15
589.416	-962.15
589.537	-221.15
589.658	-1255.15
589.779	-2221.15
589.9	-100.15
590.021	-1803.15
590.142	-1491.15
590.263	-1857.15
590.384	-1184.15
590.505	909.85
590.626	-1737.15
590.747	-808.15
590.867	-794.15
590.988	-803.15
591.109	-1196.15
591.23	495.85
591.351	-390.15
591.472	-1592.15
591.593	-1187.15
591.714	-591.15
591.835	-1471.15
591.956	-1712.15
592.077	-2179.15
592.198	-1192.15
592.319	-1153.15
592.44	-506.15
592.56	-1466.15
592.681	-2078.15
592.802	-524.15
592.923	-1406.15
593.044	-1317.15
593.165	-1756.15
593.286	-851.15
593.407	-2024.15
593.527	28.85
593.648	-1771.15
593.769	-660.15
593.89	354.85
594.011	-1073.15
594.132	-1262.15
594.252	-489.15
594.373	-1991.15
594.494	-2143.15
594.615	-1029.15
594.736	-1367.15
594.856	-70.15
594.977	-1695.15
595.098	-789.15
595.219	-2032.15
595.34	-1042.15
595.46	-1785.15
595.581	1126.85
595.702	-1199.15
595.823	-1925.15
595.943	-276.15
596.064	-1036.15
596.185	240.85
596.306	-2460.15
596.426	-1616.15
596.547	-1946.15
596.668	-843.15
596.788	-1020.15
596.909	-678.15
597.03	-555.15
597.151	-1191.15
597.271	-1875.15
597.392	-1199.15
597.513	-531.15
597.633	-406.15
597.754	-1047.15
597.875	-825.15
597.995	400.85
598.116	-1064.15
598.237	-1436.15
598.357	-1628.15
598.478	-1548.15
598.599	430.85
598.719	-1327.15
598.84	-1746.15
598.96	-1585.15
599.081	-1167.15
599.202	-1329.15
599.322	-1728.15
599.443	-1839.15
599.563	-692.15
599.684	-368.15
599.805	-1263.15
599.925	-2006.15
600.046	960.85
600.166	-1592.15
600.287	-836.15
600.407	-749.15
600.528	0.85
600.649	-617.15
600.769	-593.15
600.89	-1938.15
601.01	-452.15
601.131	-1855.15
601.251	1024.85
601.372	-407.15
601.492	-1535.15
601.613	-1760.15
601.733	-1360.15
601.854	818.85
601.974	813.85
602.095	400.85
602.215	-1895.15
602.336	-1911.15
602.456	788.85
602.577	-1759.15
602.697	3647.85
602.817	-60.15
602.938	-1156.15
603.058	-769.15
603.179	-1754.15
603.299	-1773.15
603.42	-2280.15
603.54	-850.15
603.66	-1856.15
603.781	-680.15
603.901	-1613.15
604.022	256.85
604.142	-752.15
604.262	-784.15
604.383	-1735.15
604.503	136.85
604.624	-1577.15
604.744	-573.15
604.864	-561.15
604.985	-1535.15
605.105	-639.15
605.225	-664.15
605.346	-1105.15
605.466	-542.15
605.586	1117.85
605.707	1363.85
605.827	-2156.15
605.947	-1441.15
606.068	-1124.15
606.188	-1209.15
606.308	-1651.15
606.429	-734.15
606.549	-1201.15
606.669	-1940.15
606.789	-1728.15
606.91	-655.15
607.03	-1716.15
607.15	-1450.15
607.27	-785.15
607.391	-377.15
607.511	-1400.15
607.631	-1688.15
607.751	25.85
607.872	-357.15
607.992	-1578.15
608.112	15.85
608.232	-1548.15
608.353	-1964.15
608.473	-1647.15
608.593	391.85
608.713	1577.85
608.833	-1418.15
608.954	-1587.15
609.074	-1139.15
609.194	-1994.15
609.314	763.85
609.434	-334.15
609.554	-980.15
609.675	352.85
609.795	-1879.15
609.915	-1521.15
610.035	1657.85
610.155	-1291.15
610.275	-1649.15
610.395	-249.15
610.516	-1998.15
610.636	-857.15
610.756	-690.15
610.876	-260.15
610.996	-1597.15
611.116	578.85
611.236	-2239.15
611.356	-1258.15
611.476	-1031.15
611.596	-739.15
611.716	361.85
611.836	-1476.15
611.957	-1702.15
612.077	-1077.15
612.197	-630.15
612.317	-1585.15
612.437	274.85
612.557	7.85
612.677	-1356.15
612.797	-477.15
612.917	-2192.15
613.037	-620.15
613.157	-983.15
613.277	-626.15
613.397	527.85
613.517	370.85
613.637	-1869.15
613.757	-806.15
613.877	-1469.15
613.997	-1226.15
614.117	-1863.15
614.237	-1113.15
614.356	-536.15
614.476	-87.15
614.596	-384.15
614.716	-994.15
614.836	-1077.15
614.956	-321.15
615.076	-1101.15
615.196	-1680.15
615.316	-779.15
615.436	-461.15
615.556	170.85
615.676	1210.85
615.795	-544.15
615.915	-886.15
616.035	-1701.15
616.155	-848.15
616.275	-1455.15
616.395	-1695.15
616.515	-465.15
616.635	-2310.15
616.754	-2229.15
616.874	-489.15
616.994	-1108.15
617.114	1281.85
617.234	294.85
617.354	-858.15
617.473	1116.85
617.593	-1144.15
617.713	-609.15
617.833	-600.15
617.953	-982.15
618.072	-2429.15
618.192	-1624.15
618.312	119.85
618.432	-579.15
618.551	-1656.15
618.671	-1544.15
618.791	-599.15
618.911	-930.15
619.03	-980.15
619.15	-710.15
619.27	-1209.15
619.39	-1498.15
619.509	-653.15
619.629	-1299.15
619.749	-1744.15
619.868	-977.15
619.988	-1739.15
620.108	-1249.15
620.228	3447.85
620.347	-1143.15
620.467	-1610.15
620.587	-1552.15
620.706	14.85
620.826	-1954.15
620.946	-1606.15
621.065	-227.15
621.185	1202.85
621.305	-1528.15
621.424	-1222.15
621.544	-2225.15
621.663	-1037.15
621.783	-1607.15
621.903	1206.85
622.022	-1975.15
622.142	-1139.15
622.261	621.85
622.381	-796.15
622.501	-441.15
622.62	-1351.15
622.74	-977.15
622.859	-923.15
622.979	400.85
623.099	-1346.15
623.218	-748.15
623.338	984.85
623.457	-319.15
623.577	-1703.15
623.696	-705.15
623.816	-2092.15
623.935	-1603.15
624.055	-1815.15
624.174	-1293.15
624.294	-640.15
624.413	-1937.15
624.533	-1007.15
624.652	267.85
624.772	-1492.15
624.891	-1916.15
625.011	-256.15
625.13	-1608.15
625.25	-1917.15
625.369	-1291.15
625.489	-1571.15
625.608	-1800.15
625.728	-926.15
625.847	-842.15
625.966	-2076.15
626.086	-1674.15
626.205	-1969.15
626.325	-475.15
626.444	-883.15
626.564	206.85
626.683	181.85
626.802	-109.15
626.922	-294.15
627.041	-674.15
627.161	-818.15
627.28	-227.15
627.399	-279.15
627.519	-1048.15
627.638	-1962.15
627.757	-1439.15
627.877	-1464.15
627.996	-1560.15
628.115	-358.15
628.235	-311.15
628.354	-2089.15
628.473	-1063.15
628.593	553.85
628.712	-802.15
628.831	-997.15
628.951	-2079.15
629.07	527.85
629.189	-623.15
629.309	-1332.15
629.428	349.85
629.547	-1783.15
629.666	-120.15
629.786	-1151.15
629.905	-1963.15
630.024	-166.15
630.143	-348.15
630.263	-1167.15
630.382	885.85
630.501	-900.15
630.62	-1196.15
630.74	-1935.15
630.859	200.85
630.978	-1112.15
631.097	-1879.15
631.216	-2058.15
631.336	78.85
631.455	-1486.15
631.574	-1175.15
631.693	-649.15
631.812	-1490.15
631.932	-2149.15
632.051	615.85
632.17	1423.85
632.289	-469.15
632.408	-1101.15
632.527	-523.15
632.646	-1024.15
632.766	-1939.15
632.885	1018.85
633.004	-1884.15
633.123	-1173.15
633.242	-1907.15
633.361	3520.85
633.48	-1563.15
633.599	-1746.15
633.718	-460.15
633.838	-318.15
633.957	-2084.15
634.076	-818.15
634.195	-1559.15
634.314	55.85
634.433	-150.15
634.552	-1751.15
634.671	-742.15
634.79	1302.85
634.909	72.85
635.028	-1077.15
635.147	-639.15
635.266	-1559.15
635.385	-517.15
635.504	-2077.15
635.623	-771.15
635.742	-1839.15
635.861	-1801.15
635.98	-1088.15
636.099	-1852.15
636.218	-794.15
636.337	-582.15
636.456	1038.85
636.575	-530.15
636.694	-638.15
636.813	-1742.15
636.932	-2026.15
637.051	-1215.15
637.17	-1870.15
637.289	-433.15
637.408	-2047.15
637.526	-1337.15
637.645	-2175.15
637.764	-1758.15
637.883	-1673.15
638.002	-424.15
638.121	1948.85
638.24	-1740.15
638.359	-420.15
638.478	-1563.15
638.597	-1635.15
638.715	2029.85
638.834	-1056.15
638.953	-473.15
639.072	-1863.15
639.191	-1954.15
639.31	-284.15
639.428	-1201.15
639.547	-306.15
639.666	-285.15
639.785	-536.15
639.904	-1173.15
640.023	-1993.15
640.141	-1054.15
640.26	-1509.15
640.379	-604.15
640.498	-1972.15
640.616	-583.15
640.735	-1202.15
640.854	-228.15
640.973	-1779.15
641.092	32.85
641.21	-575.15
641.329	-1511.15
641.448	86.85
641.567	864.85
641.685	-1172.15
641.804	-1489.15
641.923	-734.15
642.041	-1589.15
642.16	-1368.15
642.279	-228.15
642.398	-1137.15
642.516	-1292.15
642.635	270.85
642.754	-1568.15
642.872	413.85
642.991	334.85
643.11	-1466.15
643.228	-2210.15
643.347	-1657.15
643.466	-1884.15
643.584	0.85
643.703	684.85
643.821	-463.15
643.94	-524.15
644.059	-887.15
644.177	-140.15
644.296	-1717.15
644.415	-1186.15
644.533	-1128.15
644.652	-543.15
644.77	-1912.15
644.889	-1564.15
645.008	-569.15
645.126	-1679.15
645.245	-153.15
645.363	505.85
645.482	-755.15
645.6	-1278.15
645.719	-1403.15
645.837	-1062.15
645.956	-804.15
646.074	-2255.15
646.193	-1538.15
646.312	140.85
646.43	521.85
646.549	617.85
646.667	-2190.15
646.786	-1707.15
646.904	-302.15
647.023	-647.15
647.141	-1671.15
647.26	33.85
647.378	1662.85
647.496	-1540.15
647.615	-23.15
647.733	-713.15
647.852	590.85
647.97	-1913.15
648.089	40.85
648.207	-198.15
648.326	111.85
648.444	-1180.15
648.562	-771.15
648.681	-316.15
648.799	-1369.15
648.918	-1015.15
649.036	-546.15
649.154	-1203.15
649.273	-154.15
649.391	-1599.15
649.51	-1413.15
649.628	-1703.15
649.746	465.85
649.865	-1815.15
649.983	-1545.15
650.101	-768.15
650.22	-1156.15
650.338	-1911.15
650.456	-1006.15
650.575	-1108.15
650.693	-1989.15
650.811	-703.15
650.93	-1826.15
651.048	6004.85
651.166	1250.85
651.285	-1344.15
651.403	-55.15
651.521	-659.15
651.639	-1382.15
651.758	-28.15
651.876	1093.85
651.994	-1505.15
652.112	19.85
652.231	-1192.15
652.349	-1466.15
652.467	-2473.15
652.585	-1129.15
652.704	-502.15
652.822	-1983.15
652.94	-1859.15
653.058	-561.15
653.176	-1629.15
653.295	-644.15
653.413	110.85
653.531	-1528.15
653.649	-1267.15
653.767	-1401.15
653.886	-1446.15
654.004	-1815.15
654.122	304.85
654.24	-2080.15
654.358	-1336.15
654.476	-1380.15
654.594	599.85
654.713	-1125.15
654.831	-2112.15
654.949	-1387.15
655.067	-701.15
655.185	-1771.15
655.303	-1429.15
655.421	-1439.15
655.539	32.85
655.658	-831.15
655.776	-1046.15
655.894	161.85
656.012	277.85
656.13	-1786.15
656.248	-1048.15
656.366	-2025.15
656.484	-1642.15
656.602	-1702.15
656.72	-1532.15
656.838	-815.15
656.956	-1700.15
657.074	25.85
657.192	-446.15
657.31	-1742.15
657.428	-1468.15
657.546	-191.15
657.664	-760.15
657.782	-1322.15
657.9	83.85
658.018	-1027.15
658.136	-665.15
658.254	-47.15
658.372	-75.15
658.49	-1637.15
658.608	-1826.15
658.726	-595.15
658.844	-450.15
658.962	-1180.15
659.08	-1763.15
659.198	-889.15
659.316	-1402.15
