Data from 500_HR4D30811__0__02.txt Node

197.25	-697.15
197.385	-697.15
197.519	-697.15
197.653	-715.15
197.787	43.85
197.922	-50.15
198.056	-1.15
198.19	12.85
198.324	-5.15
198.459	-73.15
198.593	69.85
198.727	13.85
198.861	-42.15
198.996	47.85
199.13	-40.15
199.264	-8.15
199.398	-17.15
199.533	92.85
199.667	38.85
199.801	45.85
199.935	-67.15
200.07	39.85
200.204	-18.15
200.338	-41.15
200.472	-61.15
200.606	-89.15
200.741	-9.15
200.875	7.85
201.009	-31.15
201.143	-15.15
201.277	18.85
201.412	98.85
201.546	29.85
201.68	60.85
201.814	5.85
201.948	49.85
202.082	-9.15
202.217	-58.15
202.351	0.85
202.485	65.85
202.619	-79.15
202.753	-84.15
202.887	92.85
203.021	40.85
203.156	54.85
203.29	33.85
203.424	31.85
203.558	-11.15
203.692	24.85
203.826	-75.15
203.96	32.85
204.094	67.85
204.229	-6.15
204.363	-21.15
204.497	-81.15
204.631	-75.15
204.765	-58.15
204.899	-49.15
205.033	-34.15
205.167	-35.15
205.301	27.85
205.435	-64.15
205.569	-19.15
205.704	30.85
205.838	-63.15
205.972	13.85
206.106	150.85
206.24	-63.15
206.374	-72.15
206.508	48.85
206.642	54.85
206.776	13.85
206.91	65.85
207.044	52.85
207.178	47.85
207.312	42.85
207.446	-48.15
207.58	-36.15
207.714	10.85
207.848	28.85
207.982	-86.15
208.116	-13.15
208.25	-69.15
208.384	-31.15
208.518	-35.15
208.652	-20.15
208.786	-26.15
208.92	89.85
209.054	-11.15
209.188	-73.15
209.322	-16.15
209.456	-30.15
209.59	-97.15
209.724	13.85
209.858	17.85
209.992	-14.15
210.126	-25.15
210.26	-31.15
210.394	-7.15
210.528	39.85
210.662	-55.15
210.796	-31.15
210.929	46.85
211.063	39.85
211.197	-41.15
211.331	-1.15
211.465	-49.15
211.599	42.85
211.733	17.85
211.867	-62.15
212.001	-18.15
212.135	54.85
212.269	-68.15
212.402	-36.15
212.536	48.85
212.67	-25.15
212.804	-78.15
212.938	23.85
213.072	-29.15
213.206	10.85
213.34	-13.15
213.473	-17.15
213.607	-13.15
213.741	-25.15
213.875	-94.15
214.009	-45.15
214.143	-7.15
214.277	16.85
214.41	-81.15
214.544	84.85
214.678	54.85
214.812	48.85
214.946	-49.15
215.08	-74.15
215.213	-18.15
215.347	7.85
215.481	24.85
215.615	-96.15
215.749	-17.15
215.882	-24.15
216.016	-97.15
216.15	35.85
216.284	75.85
216.418	44.85
216.551	31.85
216.685	27.85
216.819	-40.15
216.953	-29.15
217.086	38.85
217.22	-30.15
217.354	13.85
217.488	41.85
217.621	5.85
217.755	12.85
217.889	3.85
218.023	22.85
218.156	17.85
218.29	15.85
218.424	67.85
218.558	-80.15
218.691	-88.15
218.825	-9.15
218.959	67.85
219.092	6.85
219.226	-146.15
219.36	-59.15
219.494	47.85
219.627	-0.15
219.761	-50.15
219.895	-34.15
220.028	-49.15
220.162	237.85
220.296	64.85
220.429	-27.15
220.563	-0.15
220.697	20.85
220.83	-75.15
220.964	-49.15
221.098	-62.15
221.231	-55.15
221.365	-4.15
221.499	-19.15
221.632	-66.15
221.766	43.85
221.9	-41.15
222.033	-63.15
222.167	49.85
222.3	-20.15
222.434	-14.15
222.568	85.85
222.701	-31.15
222.835	-7.15
222.968	-72.15
223.102	-29.15
223.236	-47.15
223.369	70.85
223.503	-39.15
223.636	-28.15
223.77	9.85
223.904	44.85
224.037	-34.15
224.171	6.85
224.304	30.85
224.438	-20.15
224.571	14.85
224.705	23.85
224.839	-26.15
224.972	-64.15
225.106	-36.15
225.239	-10.15
225.373	23.85
225.506	1.85
225.64	-26.15
225.773	-13.15
225.907	-66.15
226.04	-59.15
226.174	-30.15
226.307	17.85
226.441	-30.15
226.575	68.85
226.708	17.85
226.842	-58.15
226.975	15.85
227.109	-38.15
227.242	-12.15
227.375	22.85
227.509	22.85
227.642	33.85
227.776	21.85
227.909	51.85
228.043	-43.15
228.176	92.85
228.31	-61.15
228.443	109.85
228.577	23.85
228.71	23.85
228.844	22.85
228.977	-96.15
229.111	5.85
229.244	108.85
229.377	-96.15
229.511	1.85
229.644	-27.15
229.778	-9.15
229.911	-55.15
230.044	-24.15
230.178	-9.15
230.311	-1.15
230.445	-10.15
230.578	-27.15
230.711	-4.15
230.845	130.85
230.978	20.85
231.112	-41.15
231.245	-50.15
231.378	-18.15
231.512	18.85
231.645	-95.15
231.779	-97.15
231.912	1.85
232.045	18.85
232.179	-47.15
232.312	-23.15
232.445	67.85
232.579	50.85
232.712	82.85
232.845	17.85
232.979	-90.15
233.112	0.85
233.245	-7.15
233.379	-47.15
233.512	22.85
233.645	-59.15
233.779	-67.15
233.912	44.85
234.045	-19.15
234.179	-25.15
234.312	-6.15
234.445	27.85
234.578	67.85
234.712	3.85
234.845	35.85
234.978	-55.15
235.112	36.85
235.245	30.85
235.378	-0.15
235.511	-18.15
235.645	38.85
235.778	-1.15
235.911	1.85
236.044	-49.15
236.178	91.85
236.311	-84.15
236.444	-21.15
236.577	-22.15
236.711	57.85
236.844	-148.15
236.977	-8.15
237.11	-56.15
237.243	45.85
237.377	-54.15
237.51	-52.15
237.643	301.85
237.776	-0.15
237.909	-42.15
238.043	65.85
238.176	-16.15
238.309	-25.15
238.442	-108.15
238.575	-15.15
238.709	145.85
238.842	32.85
238.975	-23.15
239.108	76.85
239.241	-40.15
239.374	-12.15
239.508	-30.15
239.641	61.85
239.774	93.85
239.907	32.85
240.04	-69.15
240.173	22.85
240.306	62.85
240.44	-11.15
240.573	48.85
240.706	-5.15
240.839	14.85
240.972	-16.15
241.105	-3.15
241.238	1.85
241.371	42.85
241.504	49.85
241.638	-46.15
241.771	38.85
241.904	-37.15
242.037	4.85
242.17	-30.15
242.303	-86.15
242.436	-4.15
242.569	-6.15
242.702	-40.15
242.835	-7.15
242.968	11.85
243.101	26.85
243.234	-82.15
243.367	-60.15
243.5	-25.15
243.634	-21.15
243.767	-111.15
243.9	-51.15
244.033	-14.15
244.166	50.85
244.299	-114.15
244.432	-83.15
244.565	65.85
244.698	-87.15
244.831	-39.15
244.964	-43.15
245.097	-37.15
245.23	81.85
245.363	5.85
245.496	-73.15
245.629	-32.15
245.762	150.85
245.895	-56.15
246.028	-51.15
246.161	93.85
246.294	22.85
246.427	-56.15
246.559	30.85
246.692	26.85
246.825	-0.15
246.958	-73.15
247.091	-18.15
247.224	-81.15
247.357	-16.15
247.49	50.85
247.623	20.85
247.756	-76.15
247.889	70.85
248.022	-14.15
248.155	-103.15
248.288	5.85
248.421	-39.15
248.553	22.85
248.686	-57.15
248.819	32.85
248.952	-26.15
249.085	63.85
249.218	4.85
249.351	24.85
249.484	80.85
249.617	1.85
249.749	-72.15
249.882	21.85
250.015	-40.15
250.148	-42.15
250.281	-6.15
250.414	16.85
250.547	-72.15
250.679	74.85
250.812	15.85
250.945	31.85
251.078	-46.15
251.211	-19.15
251.344	-67.15
251.476	-16.15
251.609	49.85
251.742	-56.15
251.875	-25.15
252.008	-35.15
252.14	-72.15
252.273	-32.15
252.406	65.85
252.539	2.85
252.672	39.85
252.804	29.85
252.937	-50.15
253.07	-8.15
253.203	21.85
253.335	32.85
253.468	-50.15
253.601	-36.15
253.734	35.85
253.866	-11.15
253.999	116.85
254.132	-4.15
254.265	-32.15
254.397	-0.15
254.53	-44.15
254.663	50.85
254.796	-32.15
254.928	-73.15
255.061	-79.15
255.194	20.85
255.327	-51.15
255.459	-16.15
255.592	-51.15
255.725	124.85
255.857	-23.15
255.99	-3.15
256.123	-46.15
256.255	-41.15
256.388	66.85
256.521	-68.15
256.653	-86.15
256.786	-0.15
256.919	-29.15
257.051	-41.15
257.184	-14.15
257.317	-40.15
257.449	-29.15
257.582	-10.15
257.715	-45.15
257.847	-48.15
257.98	-13.15
258.113	-36.15
258.245	-19.15
258.378	-70.15
258.51	-4.15
258.643	-79.15
258.776	5.85
258.908	-62.15
259.041	31.85
259.174	-42.15
259.306	-36.15
259.439	-79.15
259.571	2.85
259.704	-0.15
259.837	71.85
259.969	-58.15
260.102	-19.15
260.234	26.85
260.367	45.85
260.499	-57.15
260.632	-3.15
260.765	-36.15
260.897	-46.15
261.03	-9.15
261.162	30.85
261.295	-1.15
261.427	41.85
261.56	-15.15
261.692	-52.15
261.825	-14.15
261.957	49.85
262.09	13.85
262.222	-0.15
262.355	-46.15
262.487	-6.15
262.62	-73.15
262.752	46.85
262.885	-37.15
263.017	31.85
263.15	-62.15
263.282	-22.15
263.415	-46.15
263.547	58.85
263.68	59.85
263.812	-53.15
263.945	-47.15
264.077	-43.15
264.21	58.85
264.342	-57.15
264.475	-57.15
264.607	75.85
264.74	-54.15
264.872	-25.15
265.004	-4.15
265.137	12.85
265.269	105.85
265.402	-54.15
265.534	-13.15
265.667	-28.15
265.799	3.85
265.931	-10.15
266.064	28.85
266.196	1.85
266.329	-69.15
266.461	0.85
266.593	31.85
266.726	-43.15
266.858	-61.15
266.99	36.85
267.123	-36.15
267.255	6.85
267.388	12.85
267.52	-43.15
267.652	-29.15
267.785	61.85
267.917	38.85
268.049	-5.15
268.182	100.85
268.314	24.85
268.446	-80.15
268.579	26.85
268.711	80.85
268.843	-43.15
268.976	-14.15
269.108	154.85
269.24	28.85
269.373	19.85
269.505	-43.15
269.637	-24.15
269.77	-46.15
269.902	32.85
270.034	-73.15
270.167	5.85
270.299	-10.15
270.431	49.85
270.563	-19.15
270.696	34.85
270.828	20.85
270.96	16.85
271.092	60.85
271.225	-26.15
271.357	42.85
271.489	-28.15
271.621	-62.15
271.754	207.85
271.886	-2.15
272.018	-7.15
272.15	88.85
272.283	-50.15
272.415	-15.15
272.547	29.85
272.679	31.85
272.811	18.85
272.944	-40.15
273.076	-84.15
273.208	-1.15
273.34	0.85
273.473	-3.15
273.605	66.85
273.737	-28.15
273.869	27.85
274.001	-127.15
274.133	29.85
274.266	-19.15
274.398	390.85
274.53	47.85
274.662	56.85
274.794	11.85
274.926	71.85
275.059	-27.15
275.191	-11.15
275.323	3.85
275.455	59.85
275.587	-55.15
275.719	-35.15
275.851	-26.15
275.983	36.85
276.116	-12.15
276.248	70.85
276.38	-71.15
276.512	61.85
276.644	-41.15
276.776	-17.15
276.908	11.85
277.04	33.85
277.172	38.85
277.304	-14.15
277.437	30.85
277.569	-14.15
277.701	-39.15
277.833	2.85
277.965	-43.15
278.097	53.85
278.229	-54.15
278.361	-6.15
278.493	65.85
278.625	122.85
278.757	-8.15
278.889	-53.15
279.021	-1.15
279.153	150.85
279.285	-44.15
279.417	176.85
279.549	41.85
279.681	37.85
279.813	1.85
279.945	7.85
280.077	-58.15
280.209	313.85
280.341	-63.15
280.473	-22.15
280.605	32.85
280.737	41.85
280.869	80.85
281.001	22.85
281.133	-84.15
281.265	68.85
281.397	-33.15
281.529	116.85
281.661	-48.15
281.793	-50.15
281.925	-44.15
282.057	-7.15
282.189	-63.15
282.321	62.85
282.453	5.85
282.585	-29.15
282.717	51.85
282.849	0.85
282.98	-32.15
283.112	-13.15
283.244	33.85
283.376	-33.15
283.508	-78.15
283.64	-37.15
283.772	50.85
283.904	71.85
284.036	-64.15
284.168	53.85
284.299	31.85
284.431	26.85
284.563	-5.15
284.695	-49.15
284.827	-41.15
284.959	14.85
285.091	-71.15
285.222	-44.15
285.354	-9.15
285.486	-22.15
285.618	-29.15
285.75	-3.15
285.882	55.85
286.013	42.85
286.145	-9.15
286.277	44.85
286.409	102.85
286.541	31.85
286.673	-59.15
286.804	-36.15
286.936	-52.15
287.068	-51.15
287.2	-87.15
287.332	147.85
287.463	-39.15
287.595	11.85
287.727	91.85
287.859	-3.15
287.99	25.85
288.122	9.85
288.254	1.85
288.386	-2.15
288.517	-73.15
288.649	11.85
288.781	-9.15
288.913	56.85
289.044	-41.15
289.176	84.85
289.308	-11.15
289.44	-99.15
289.571	-38.15
289.703	-88.15
289.835	26.85
289.967	-16.15
290.098	-118.15
290.23	-41.15
290.362	46.85
290.493	-89.15
290.625	-43.15
290.757	17.85
290.888	-5.15
291.02	36.85
291.152	54.85
291.283	38.85
291.415	-14.15
291.547	-3.15
291.678	-55.15
291.81	16.85
291.942	76.85
292.073	25.85
292.205	-91.15
292.337	79.85
292.468	81.85
292.6	-27.15
292.732	198.85
292.863	-48.15
292.995	-100.15
293.126	12.85
293.258	68.85
293.39	-18.15
293.521	-38.15
293.653	-34.15
293.785	46.85
293.916	-18.15
294.048	1.85
294.179	47.85
294.311	-10.15
294.442	4.85
294.574	-40.15
294.706	-2.15
294.837	26.85
294.969	-21.15
295.1	-46.15
295.232	-22.15
295.363	67.85
295.495	37.85
295.627	9.85
295.758	16.85
295.89	-63.15
296.021	32.85
296.153	-13.15
296.284	-8.15
296.416	-22.15
296.547	2.85
296.679	-1.15
296.81	23.85
296.942	-59.15
297.073	-57.15
297.205	-65.15
297.336	-61.15
297.468	-37.15
297.599	31.85
297.731	-81.15
297.862	-2.15
297.994	-39.15
298.125	-61.15
298.257	-6.15
298.388	33.85
298.52	48.85
298.651	10.85
298.782	112.85
298.914	-105.15
299.045	-28.15
299.177	-41.15
299.308	-57.15
299.44	27.85
299.571	78.85
299.702	-44.15
299.834	-44.15
299.965	-2.15
300.097	-32.15
300.228	26.85
300.36	-5.15
300.491	-28.15
300.622	51.85
300.754	5.85
300.885	-72.15
301.017	75.85
301.148	-15.15
301.279	-54.15
301.411	-22.15
301.542	17.85
301.673	38.85
301.805	21.85
301.936	-61.15
302.067	5.85
302.199	-26.15
302.33	12.85
302.461	77.85
302.593	35.85
302.724	11.85
302.855	-59.15
302.987	-25.15
303.118	-44.15
303.249	-37.15
303.381	-23.15
303.512	-42.15
303.643	-38.15
303.775	59.85
303.906	-25.15
304.037	-38.15
304.169	-60.15
304.3	-17.15
304.431	-13.15
304.562	-45.15
304.694	-44.15
304.825	19.85
304.956	75.85
305.087	-19.15
305.219	3.85
305.35	-4.15
305.481	-84.15
305.612	0.85
305.744	12.85
305.875	-20.15
306.006	139.85
306.137	-87.15
306.269	-3.15
306.4	73.85
306.531	68.85
306.662	-30.15
306.794	73.85
306.925	-67.15
307.056	-32.15
307.187	-9.15
307.318	-32.15
307.45	-5.15
307.581	43.85
307.712	-56.15
307.843	3.85
307.974	-12.15
308.105	94.85
308.237	-1.15
308.368	-30.15
308.499	-42.15
308.63	29.85
308.761	-31.15
308.892	1.85
309.024	49.85
309.155	-9.15
309.286	-51.15
309.417	-33.15
309.548	-3.15
309.679	4.85
309.81	-94.15
309.941	153.85
310.073	-10.15
310.204	-18.15
310.335	-10.15
310.466	-16.15
310.597	-12.15
310.728	-7.15
310.859	118.85
310.99	40.85
311.121	1.85
311.252	-0.15
311.383	-85.15
311.514	-35.15
311.646	-2.15
311.777	14.85
311.908	-19.15
312.039	-6.15
312.17	-33.15
312.301	54.85
312.432	-40.15
312.563	-59.15
312.694	-1.15
312.825	-14.15
312.956	-91.15
313.087	53.85
313.218	62.85
313.349	-25.15
313.48	-64.15
313.611	-12.15
313.742	-22.15
313.873	51.85
314.004	-27.15
314.135	7.85
314.266	61.85
314.397	31.85
314.528	-71.15
314.659	-39.15
314.79	-22.15
314.921	45.85
315.052	-4.15
315.183	-95.15
315.314	-54.15
315.445	76.85
315.576	-13.15
315.707	-30.15
315.838	-41.15
315.968	62.85
316.099	-56.15
316.23	-43.15
316.361	67.85
316.492	30.85
316.623	-38.15
316.754	96.85
316.885	-99.15
317.016	-10.15
317.147	-82.15
317.278	84.85
317.408	-93.15
317.539	-36.15
317.67	-87.15
317.801	36.85
317.932	-21.15
318.063	-14.15
318.194	-40.15
318.325	67.85
318.455	-43.15
318.586	26.85
318.717	98.85
318.848	-83.15
318.979	73.85
319.11	130.85
319.24	-2.15
319.371	36.85
319.502	-7.15
319.633	-9.15
319.764	-59.15
319.895	-42.15
320.025	18.85
320.156	-19.15
320.287	-127.15
320.418	-36.15
320.549	-7.15
320.679	-30.15
320.81	51.85
320.941	-80.15
321.072	-51.15
321.202	-23.15
321.333	67.85
321.464	-107.15
321.595	-64.15
321.726	101.85
321.856	-67.15
321.987	-38.15
322.118	-50.15
322.249	0.85
322.379	-36.15
322.51	10.85
322.641	-43.15
322.771	-34.15
322.902	-12.15
323.033	-24.15
323.164	225.85
323.294	-35.15
323.425	-85.15
323.556	4.85
323.686	31.85
323.817	140.85
323.948	23.85
324.078	-6.15
324.209	39.85
324.34	9.85
324.47	54.85
324.601	-67.15
324.732	43.85
324.862	34.85
324.993	-37.15
325.124	-76.15
325.254	50.85
325.385	-8.15
325.516	119.85
325.646	138.85
325.777	-3.15
325.908	42.85
326.038	24.85
326.169	-12.15
326.299	-35.15
326.43	27.85
326.561	-40.15
326.691	-60.15
326.822	-27.15
326.952	-6.15
327.083	40.85
327.214	-11.15
327.344	28.85
327.475	19.85
327.605	-9.15
327.736	6.85
327.867	-30.15
327.997	40.85
328.128	-30.15
328.258	-91.15
328.389	108.85
328.519	-23.15
328.65	42.85
328.78	-29.15
328.911	14.85
329.041	48.85
329.172	-70.15
329.303	-50.15
329.433	-41.15
329.564	-37.15
329.694	-44.15
329.825	-30.15
329.955	-8.15
330.086	181.85
330.216	-92.15
330.347	-39.15
330.477	-7.15
330.608	4.85
330.738	13.85
330.868	-97.15
330.999	-23.15
331.129	83.85
331.26	-59.15
331.39	-17.15
331.521	70.85
331.651	78.85
331.782	-63.15
331.912	-52.15
332.043	-11.15
332.173	64.85
332.303	-62.15
332.434	58.85
332.564	56.85
332.695	-26.15
332.825	-83.15
332.956	-21.15
333.086	8.85
333.216	-61.15
333.347	-46.15
333.477	-105.15
333.608	-6.15
333.738	23.85
333.868	-45.15
333.999	-22.15
334.129	28.85
334.259	-29.15
334.39	-49.15
334.52	17.85
334.65	-16.15
334.781	98.85
334.911	-38.15
335.042	-30.15
335.172	30.85
335.302	33.85
335.433	55.85
335.563	-32.15
335.693	96.85
335.824	113.85
335.954	-122.15
336.084	8.85
336.214	25.85
336.345	114.85
336.475	16.85
336.605	-12.15
336.736	90.85
336.866	24.85
336.996	-10.15
337.126	-28.15
337.257	45.85
337.387	-57.15
337.517	-82.15
337.648	-88.15
337.778	77.85
337.908	56.85
338.038	-29.15
338.169	-72.15
338.299	117.85
338.429	16.85
338.559	-73.15
338.69	-40.15
338.82	121.85
338.95	40.85
339.08	-133.15
339.21	-36.15
339.341	4.85
339.471	49.85
339.601	-21.15
339.731	35.85
339.861	-63.15
339.992	14.85
340.122	-46.15
340.252	-26.15
340.382	-39.15
340.512	18.85
340.642	25.85
340.773	-3.15
340.903	-61.15
341.033	6.85
341.163	-23.15
341.293	77.85
341.423	-41.15
341.554	-61.15
341.684	26.85
341.814	-27.15
341.944	-36.15
342.074	-11.15
342.204	-67.15
342.334	47.85
342.464	-22.15
342.595	-50.15
342.725	-57.15
342.855	6.85
342.985	-6.15
343.115	-35.15
343.245	-105.15
343.375	5.85
343.505	29.85
343.635	16.85
343.765	-37.15
343.895	-102.15
344.025	60.85
344.155	-42.15
344.286	-23.15
344.416	57.85
344.546	38.85
344.676	3.85
344.806	22.85
344.936	-4.15
345.066	68.85
345.196	17.85
345.326	-109.15
345.456	30.85
345.586	-58.15
345.716	-57.15
345.846	2.85
345.976	-84.15
346.106	-20.15
346.236	91.85
346.366	-12.15
346.496	-67.15
346.626	-23.15
346.756	-16.15
346.886	-51.15
347.016	-81.15
347.146	-37.15
347.276	-67.15
347.406	-84.15
347.536	3.85
347.666	103.85
347.795	-52.15
347.925	-25.15
348.055	35.85
348.185	-0.15
348.315	15.85
348.445	23.85
348.575	-8.15
348.705	-27.15
348.835	-39.15
348.965	-69.15
349.095	-5.15
349.225	80.85
349.354	-31.15
349.484	-45.15
349.614	-47.15
349.744	-16.15
349.874	-19.15
350.004	-67.15
350.134	-36.15
350.264	-86.15
350.393	-36.15
350.523	25.85
350.653	-68.15
350.783	27.85
350.913	60.85
351.043	-75.15
351.173	-24.15
351.302	52.85
351.432	45.85
351.562	-54.15
351.692	-12.15
351.822	-38.15
351.951	-91.15
352.081	53.85
352.211	-30.15
352.341	42.85
352.471	26.85
352.6	-85.15
352.73	-29.15
352.86	-30.15
352.99	56.85
353.12	-2.15
353.249	27.85
353.379	-13.15
353.509	17.85
353.639	-67.15
353.768	18.85
353.898	-47.15
354.028	-30.15
354.158	-48.15
354.287	-28.15
354.417	-71.15
354.547	-51.15
354.677	-100.15
354.806	-3.15
354.936	57.85
355.066	8.85
355.195	-34.15
355.325	20.85
355.455	-44.15
355.584	86.85
355.714	-87.15
355.844	4.85
355.974	15.85
356.103	33.85
356.233	-36.15
356.363	42.85
356.492	-26.15
356.622	-42.15
356.752	-39.15
356.881	-36.15
357.011	15.85
357.14	52.85
357.27	-55.15
357.4	38.85
357.529	29.85
357.659	72.85
357.789	10.85
357.918	-85.15
358.048	-75.15
358.177	64.85
358.307	-61.15
358.437	-2.15
358.566	-64.15
358.696	43.85
358.825	59.85
358.955	-74.15
359.085	66.85
359.214	-79.15
359.344	-3.15
359.473	-80.15
359.603	29.85
359.733	-18.15
359.862	-83.15
359.992	29.85
360.121	5.85
360.251	48.85
360.38	-80.15
360.51	63.85
360.639	-26.15
360.769	28.85
360.898	26.85
361.028	18.85
361.157	47.85
361.287	33.85
361.416	-95.15
361.546	-11.15
361.675	-0.15
361.805	-16.15
361.934	12.85
362.064	-44.15
362.193	-2.15
362.323	-73.15
362.452	39.85
362.582	-27.15
362.711	-39.15
362.841	-19.15
362.97	-14.15
363.1	-38.15
363.229	-65.15
363.359	-13.15
363.488	-73.15
363.617	-11.15
363.747	23.85
363.876	-42.15
364.006	-31.15
364.135	-19.15
364.265	41.85
364.394	-61.15
364.523	77.85
364.653	-41.15
364.782	53.85
364.912	-40.15
365.041	-91.15
365.17	-25.15
365.3	1.85
365.429	113.85
365.558	-43.15
365.688	-5.15
365.817	13.85
365.947	-4.15
366.076	0.85
366.205	-14.15
366.335	-75.15
366.464	-52.15
366.593	8.85
366.723	-22.15
366.852	34.85
366.981	-19.15
367.111	-52.15
367.24	-19.15
367.369	-2.15
367.499	137.85
367.628	60.85
367.757	-5.15
367.886	-25.15
368.016	87.85
368.145	-13.15
368.274	3.85
368.404	-99.15
368.533	17.85
368.662	13.85
368.791	-50.15
368.921	-68.15
369.05	85.85
369.179	-0.15
369.308	103.85
369.438	-62.15
369.567	-36.15
369.696	-31.15
369.825	-0.15
369.955	5.85
370.084	33.85
370.213	-12.15
370.342	-24.15
370.472	-63.15
370.601	98.85
370.73	13.85
370.859	-98.15
370.988	-4.15
371.118	-42.15
371.247	11.85
371.376	8.85
371.505	24.85
371.634	17.85
371.763	-43.15
371.893	-47.15
372.022	-29.15
372.151	-37.15
372.28	-67.15
372.409	-69.15
372.538	-13.15
372.667	41.85
372.797	25.85
372.926	-49.15
373.055	26.85
373.184	-7.15
373.313	-68.15
373.442	19.85
373.571	8.85
373.7	-24.15
373.83	11.85
373.959	-69.15
374.088	-10.15
374.217	41.85
374.346	-35.15
374.475	-59.15
374.604	-26.15
374.733	105.85
374.862	-57.15
374.991	-60.15
375.12	3.85
375.249	44.85
375.378	-39.15
375.508	-97.15
375.637	-78.15
375.766	59.85
375.895	-23.15
376.024	63.85
376.153	-61.15
376.282	7.85
376.411	-43.15
376.54	-163.15
376.669	18.85
376.798	-32.15
376.927	-69.15
377.056	10.85
377.185	27.85
377.314	105.85
377.443	25.85
377.572	-28.15
377.701	-32.15
377.83	70.85
377.959	30.85
378.088	428.85
378.217	86.85
378.346	-18.15
378.474	-131.15
378.603	-50.15
378.732	-14.15
378.861	-57.15
378.99	-122.15
379.119	-77.15
379.248	-19.15
379.377	-58.15
379.506	-56.15
379.635	61.85
379.764	38.85
379.893	-25.15
380.022	-74.15
380.15	74.85
380.279	-36.15
380.408	-32.15
380.537	-50.15
380.666	25.85
380.795	1.85
380.924	-36.15
381.053	-99.15
381.181	8.85
381.31	213.85
381.439	-11.15
381.568	-51.15
381.697	-27.15
381.826	-2.15
381.955	-15.15
382.083	-25.15
382.212	-92.15
382.341	40.85
382.47	12.85
382.599	-99.15
382.727	21.85
382.856	34.85
382.985	61.85
383.114	-31.15
383.243	-43.15
383.371	-13.15
383.5	-27.15
383.629	-48.15
383.758	-52.15
383.887	-95.15
384.015	13.85
384.144	-84.15
384.273	11.85
384.402	35.85
384.53	-58.15
384.659	-69.15
384.788	-59.15
384.917	-60.15
385.045	0.85
385.174	-35.15
385.303	-113.15
385.432	-2.15
385.56	-4.15
385.689	-54.15
385.818	-7.15
385.946	39.85
386.075	-29.15
386.204	-79.15
386.332	12.85
386.461	90.85
386.59	46.85
386.718	-79.15
386.847	-67.15
386.976	-12.15
387.104	-77.15
387.233	-61.15
387.362	-1.15
387.49	-9.15
387.619	-59.15
387.748	-30.15
387.876	64.85
388.005	10.85
388.134	95.85
388.262	-125.15
388.391	-34.15
388.52	40.85
388.648	-61.15
388.777	24.85
388.905	-52.15
389.034	-16.15
389.163	-2.15
389.291	-32.15
389.42	31.85
389.548	16.85
389.677	-34.15
389.805	-8.15
389.934	-6.15
390.063	-65.15
390.191	-46.15
390.32	-47.15
390.448	-30.15
390.577	-49.15
390.705	-43.15
390.834	-20.15
390.962	-69.15
391.091	-36.15
391.22	69.85
391.348	36.85
391.477	-0.15
391.605	-31.15
391.734	-15.15
391.862	-54.15
391.991	-63.15
392.119	-39.15
392.248	-17.15
392.376	-72.15
392.505	-46.15
392.633	15.85
392.762	154.85
392.89	-107.15
393.018	11.85
393.147	25.85
393.275	-63.15
393.404	-85.15
393.532	-8.15
393.661	8.85
393.789	28.85
393.918	-40.15
394.046	-25.15
394.174	3.85
394.303	-48.15
394.431	-17.15
394.56	29.85
394.688	-84.15
394.817	-101.15
394.945	27.85
395.073	43.85
395.202	-14.15
395.33	1.85
395.459	-75.15
395.587	45.85
395.715	21.85
395.844	7.85
395.972	-104.15
396.1	65.85
396.229	-62.15
396.357	16.85
396.485	-56.15
396.614	-6.15
396.742	73.85
396.87	1.85
396.999	11.85
397.127	-44.15
397.255	32.85
397.384	55.85
397.512	-100.15
397.64	-53.15
397.769	0.85
397.897	31.85
398.025	-50.15
398.154	7.85
398.282	85.85
398.41	-4.15
398.538	-26.15
398.667	-18.15
398.795	-66.15
398.923	71.85
399.052	-52.15
399.18	38.85
399.308	-5.15
399.436	92.85
399.565	-66.15
399.693	-1.15
399.821	28.85
399.949	-19.15
400.078	43.85
400.206	-78.15
400.334	-63.15
400.462	30.85
400.59	-91.15
400.719	-39.15
400.847	-87.15
400.975	19.85
401.103	-46.15
401.231	-3.15
401.36	10.85
401.488	-12.15
401.616	-57.15
401.744	3.85
401.872	-20.15
402	47.85
402.129	-21.15
402.257	-94.15
402.385	-51.15
402.513	-0.15
402.641	-40.15
402.769	-2.15
402.897	-56.15
403.026	-4.15
403.154	-75.15
403.282	-70.15
403.41	-32.15
403.538	60.85
403.666	-73.15
403.794	-16.15
403.922	13.85
404.05	-7.15
404.179	1.85
404.307	42.85
404.435	-73.15
404.563	-31.15
404.691	-86.15
404.819	164.85
404.947	-73.15
405.075	-54.15
405.203	-88.15
405.331	-20.15
405.459	-24.15
405.587	-2.15
405.715	-55.15
405.843	-22.15
405.971	21.85
406.099	86.85
406.227	11.85
406.355	0.85
406.483	-135.15
406.611	58.85
406.739	-77.15
406.867	-52.15
406.995	-50.15
407.123	-54.15
407.251	-98.15
407.379	-64.15
407.507	14.85
407.635	40.85
407.763	-102.15
407.891	-46.15
408.019	11.85
408.147	59.85
408.275	36.85
408.403	-72.15
408.531	-97.15
408.659	84.85
408.787	0.85
408.915	-30.15
409.043	-58.15
409.171	38.85
409.299	28.85
409.427	33.85
409.554	-48.15
409.682	28.85
409.81	-4.15
409.938	-16.15
410.066	10.85
410.194	22.85
410.322	-38.15
410.45	-40.15
410.578	-67.15
410.705	-34.15
410.833	-4.15
410.961	9.85
411.089	141.85
411.217	-31.15
411.345	-48.15
411.473	-50.15
411.6	40.85
411.728	-26.15
411.856	-115.15
411.984	-62.15
412.112	28.85
412.239	31.85
412.367	-49.15
412.495	58.85
412.623	-47.15
412.751	34.85
412.878	-120.15
413.006	-38.15
413.134	52.85
413.262	106.85
413.39	-17.15
413.517	-10.15
413.645	28.85
413.773	-85.15
413.901	72.85
414.028	0.85
414.156	-25.15
414.284	-45.15
414.412	6.85
414.539	-4.15
414.667	-49.15
414.795	-9.15
414.923	-120.15
415.05	-2.15
415.178	-12.15
415.306	80.85
415.433	-46.15
415.561	53.85
415.689	40.85
415.816	-55.15
415.944	76.85
416.072	-68.15
416.2	-9.15
416.327	81.85
416.455	-64.15
416.583	-51.15
416.71	-69.15
416.838	76.85
416.966	-92.15
417.093	-28.15
417.221	43.85
417.348	15.85
417.476	-67.15
417.604	-59.15
417.731	-31.15
417.859	56.85
417.987	-18.15
418.114	-85.15
418.242	-20.15
418.369	-43.15
418.497	-74.15
418.625	65.85
418.752	-29.15
418.88	-64.15
419.007	52.85
419.135	35.85
419.263	-44.15
419.39	19.85
419.518	-31.15
419.645	-82.15
419.773	-74.15
419.9	-34.15
420.028	169.85
420.155	-36.15
420.283	9.85
420.41	13.85
420.538	-67.15
420.666	20.85
420.793	-38.15
420.921	-30.15
421.048	-13.15
421.176	28.85
421.303	8.85
421.431	-42.15
421.558	-86.15
421.686	62.85
421.813	-1.15
421.941	-36.15
422.068	-34.15
422.195	19.85
422.323	32.85
422.45	-62.15
422.578	-34.15
422.705	-9.15
422.833	-90.15
422.96	-6.15
423.088	-7.15
423.215	148.85
423.343	81.85
423.47	-25.15
423.597	52.85
423.725	-3.15
423.852	-4.15
423.98	10.85
424.107	-90.15
424.234	-20.15
424.362	-1.15
424.489	-59.15
424.617	131.85
424.744	23.85
424.871	-26.15
424.999	30.85
425.126	58.85
425.253	5.85
425.381	-17.15
425.508	-32.15
425.636	-37.15
425.763	-62.15
425.89	-47.15
426.018	-93.15
426.145	9.85
426.272	25.85
426.4	39.85
426.527	59.85
426.654	-103.15
426.781	-12.15
426.909	-10.15
427.036	-6.15
427.163	-72.15
427.291	-20.15
427.418	-29.15
427.545	-6.15
427.673	-77.15
427.8	-86.15
427.927	-75.15
428.054	4.85
428.182	-17.15
428.309	-22.15
428.436	-33.15
428.563	-60.15
428.691	-25.15
428.818	-57.15
428.945	19.85
429.072	-48.15
429.2	-22.15
429.327	45.85
429.454	-17.15
429.581	0.85
429.708	-103.15
429.836	-22.15
429.963	-49.15
430.09	-48.15
430.217	-68.15
430.344	-70.15
430.472	-137.15
430.599	16.85
430.726	-52.15
430.853	-16.15
430.98	-15.15
431.107	-31.15
431.235	-43.15
431.362	-2.15
431.489	-3.15
431.616	83.85
431.743	37.85
431.87	-32.15
431.997	-31.15
432.125	16.85
432.252	-147.15
432.379	-26.15
432.506	25.85
432.633	-15.15
432.76	-63.15
432.887	46.85
433.014	-56.15
433.141	-36.15
433.268	-9.15
433.395	-46.15
433.523	17.85
433.65	-60.15
433.777	-56.15
433.904	-29.15
434.031	-111.15
434.158	15.85
434.285	10.85
434.412	-29.15
434.539	-7.15
434.666	-70.15
434.793	-15.15
434.92	-22.15
435.047	24.85
435.174	-17.15
435.301	15.85
435.428	92.85
435.555	88.85
435.682	-39.15
435.809	-50.15
435.936	27.85
436.063	-27.15
436.19	43.85
436.317	-82.15
436.444	8.85
436.571	-18.15
436.698	36.85
436.825	41.85
436.952	37.85
437.079	-0.15
437.206	7.85
437.333	-48.15
437.46	-9.15
437.587	-0.15
437.714	-85.15
437.84	-35.15
437.967	-62.15
438.094	-88.15
438.221	38.85
438.348	-61.15
438.475	1896.85
438.602	-107.15
438.729	-81.15
438.856	-86.15
438.983	-45.15
439.109	33.85
439.236	40.85
439.363	-57.15
439.49	-8.15
439.617	-25.15
439.744	-51.15
439.871	96.85
439.997	-34.15
440.124	46.85
440.251	-24.15
440.378	-38.15
440.505	-16.15
440.632	31.85
440.758	95.85
440.885	65.85
441.012	-40.15
441.139	24.85
441.266	-73.15
441.392	-94.15
441.519	-46.15
441.646	-54.15
441.773	-1.15
441.9	68.85
442.026	-76.15
442.153	-25.15
442.28	13.85
442.407	-54.15
442.533	34.85
442.66	8.85
442.787	47.85
442.914	-37.15
443.04	-14.15
443.167	12.85
443.294	3.85
443.421	-38.15
443.547	-84.15
443.674	2.85
443.801	23.85
443.927	14.85
444.054	73.85
444.181	84.85
444.307	37.85
444.434	-81.15
444.561	-88.15
444.688	-77.15
444.814	85.85
444.941	-94.15
445.068	-77.15
445.194	74.85
445.321	-15.15
445.447	-24.15
445.574	-58.15
445.701	-21.15
445.827	4.85
445.954	-107.15
446.081	22.85
446.207	-28.15
446.334	18.85
446.461	-71.15
446.587	-117.15
446.714	19.85
446.84	116.85
446.967	-125.15
447.094	-81.15
447.22	87.85
447.347	-36.15
447.473	-138.15
447.6	-7.15
447.726	-38.15
447.853	28.85
447.98	-29.15
448.106	-35.15
448.233	-11.15
448.359	4.85
448.486	-50.15
448.612	-62.15
448.739	-21.15
448.865	58.85
448.992	38.85
449.118	-89.15
449.245	-61.15
449.371	-23.15
449.498	-43.15
449.624	14.85
449.751	0.85
449.877	-44.15
450.004	-41.15
450.13	-45.15
450.257	-56.15
450.383	19.85
450.51	-140.15
450.636	-69.15
450.763	-60.15
450.889	-23.15
451.016	-156.15
451.142	6.85
451.269	-33.15
451.395	120.85
451.521	-98.15
451.648	-62.15
451.774	-14.15
451.901	-80.15
452.027	-85.15
452.154	12.85
452.28	4.85
452.406	-19.15
452.533	-133.15
452.659	-73.15
452.785	-51.15
452.912	-25.15
453.038	-105.15
453.165	-22.15
453.291	22.85
453.417	98.85
453.544	-128.15
453.67	-43.15
453.796	-26.15
453.923	-117.15
454.049	-74.15
454.175	-67.15
454.302	-11.15
454.428	18.85
454.554	-56.15
454.681	-94.15
454.807	-43.15
454.933	101.85
455.06	-60.15
455.186	-53.15
455.312	64.85
455.439	77.85
455.565	-111.15
455.691	-39.15
455.817	-6.15
455.944	80.85
456.07	-88.15
456.196	-0.15
456.322	-89.15
456.449	-43.15
456.575	-87.15
456.701	-48.15
456.827	-33.15
456.954	-72.15
457.08	-90.15
457.206	-116.15
457.332	-13.15
457.459	-68.15
457.585	-63.15
457.711	-70.15
457.837	20.85
457.963	12.85
458.09	-77.15
458.216	-101.15
458.342	-42.15
458.468	2.85
458.594	-18.15
458.721	-11.15
458.847	-14.15
458.973	-37.15
459.099	-60.15
459.225	-105.15
459.351	-5.15
459.477	16.85
459.604	-102.15
459.73	-52.15
459.856	-54.15
459.982	20.85
460.108	-136.15
460.234	-149.15
460.36	-5.15
460.486	10.85
460.613	-80.15
460.739	45.85
460.865	-72.15
460.991	124.85
461.117	-19.15
461.243	-71.15
461.369	-57.15
461.495	-67.15
461.621	-75.15
461.747	-3.15
461.873	2.85
461.999	-38.15
462.125	-63.15
462.252	12.85
462.378	-8.15
462.504	49.85
462.63	-64.15
462.756	-99.15
462.882	-57.15
463.008	16.85
463.134	0.85
463.26	-96.15
463.386	-36.15
463.512	23.85
463.638	-46.15
463.764	-62.15
463.89	10.85
464.016	52.85
464.142	-50.15
464.268	-83.15
464.394	-6.15
464.52	-99.15
464.645	-63.15
464.771	-37.15
464.897	-38.15
465.023	-13.15
465.149	-45.15
465.275	-60.15
465.401	-69.15
465.527	35.85
465.653	-83.15
465.779	-0.15
465.905	-100.15
466.031	-14.15
466.157	-63.15
466.282	-89.15
466.408	-47.15
466.534	-3.15
466.66	-141.15
466.786	-59.15
466.912	-6.15
467.038	19.85
467.164	-50.15
467.289	-51.15
467.415	-10.15
467.541	6.85
467.667	-77.15
467.793	-46.15
467.919	28.85
468.045	109.85
468.17	-64.15
468.296	-44.15
468.422	-15.15
468.548	52.85
468.674	-100.15
468.799	-74.15
468.925	-17.15
469.051	-48.15
469.177	-83.15
469.303	-135.15
469.428	-2.15
469.554	-11.15
469.68	-63.15
469.806	-10.15
469.931	-36.15
470.057	80.85
470.183	-162.15
470.309	-68.15
470.434	104.85
470.56	8.85
470.686	-45.15
470.812	-38.15
470.937	-65.15
471.063	-1.15
471.189	-36.15
471.315	35.85
471.44	8.85
471.566	-34.15
471.692	7.85
471.817	-76.15
471.943	-0.15
472.069	44.85
472.194	-50.15
472.32	-30.15
472.446	7.85
472.571	-6.15
472.697	-88.15
472.823	-74.15
472.948	-67.15
473.074	46.85
473.2	-92.15
473.325	-66.15
473.451	-12.15
473.577	-26.15
473.702	-123.15
473.828	-52.15
473.953	-78.15
474.079	32.85
474.205	-107.15
474.33	-76.15
474.456	-41.15
474.581	71.85
474.707	-118.15
474.833	-65.15
474.958	-6.15
475.084	50.85
475.209	-54.15
475.335	-32.15
475.46	-7.15
475.586	-10.15
475.712	29.85
475.837	-24.15
475.963	3.85
476.088	-84.15
476.214	-94.15
476.339	-42.15
476.465	-35.15
476.59	-62.15
476.716	67.85
476.841	-36.15
476.967	91.85
477.092	-32.15
477.218	-38.15
477.343	-76.15
477.469	64.85
477.594	-13.15
477.72	-94.15
477.845	-42.15
477.971	-16.15
478.096	15.85
478.222	-40.15
478.347	806.85
478.472	58.85
478.598	-24.15
478.723	-84.15
478.849	-3.15
478.974	28.85
479.1	-26.15
479.225	-71.15
479.35	-83.15
479.476	0.85
479.601	-62.15
479.727	20.85
479.852	-102.15
479.977	-29.15
480.103	-10.15
480.228	50.85
480.354	-34.15
480.479	52.85
480.604	3.85
480.73	-88.15
480.855	-116.15
480.98	68.85
481.106	-37.15
481.231	-131.15
481.356	-84.15
481.482	-101.15
481.607	-46.15
481.732	-176.15
481.858	-54.15
481.983	-12.15
482.108	-5.15
482.234	-83.15
482.359	-50.15
482.484	75.85
482.61	-62.15
482.735	-37.15
482.86	-72.15
482.985	8.85
483.111	-5.15
483.236	-25.15
483.361	-62.15
483.486	-83.15
483.612	55.85
483.737	-117.15
483.862	-19.15
483.987	-4.15
484.113	-62.15
484.238	-9.15
484.363	-80.15
484.488	-42.15
484.614	6.85
484.739	-57.15
484.864	37.85
484.989	170.85
485.114	3.85
485.24	-75.15
485.365	-47.15
485.49	-106.15
485.615	11.85
485.74	-45.15
485.865	2.85
485.991	5.85
486.116	55.85
486.241	-81.15
486.366	-84.15
486.491	21.85
486.616	8.85
486.742	-120.15
486.867	-30.15
486.992	-59.15
487.117	-34.15
487.242	-111.15
487.367	-115.15
487.492	9.85
487.617	31.85
487.742	-58.15
487.868	-74.15
487.993	4.85
488.118	44.85
488.243	-14.15
488.368	-75.15
488.493	-69.15
488.618	-25.15
488.743	-96.15
488.868	-77.15
488.993	-24.15
489.118	68.85
489.243	-60.15
489.368	-103.15
489.493	24.85
489.618	-46.15
489.743	-60.15
489.868	-43.15
489.993	4.85
490.118	-86.15
490.243	112.85
490.368	-63.15
490.493	21.85
490.618	39.85
490.743	-116.15
490.868	9.85
490.993	7.85
491.118	25.85
491.243	-59.15
491.368	-65.15
491.493	25.85
491.618	-1.15
491.743	-61.15
491.868	-20.15
491.993	-122.15
492.118	-33.15
492.243	-41.15
492.368	-2.15
492.493	-38.15
492.618	81.85
492.743	-73.15
492.867	64.85
492.992	-4.15
493.117	53.85
493.242	-75.15
493.367	-12.15
493.492	18.85
493.617	-9.15
493.742	53.85
493.867	-84.15
493.991	-56.15
494.116	23.85
494.241	-38.15
494.366	-33.15
494.491	1.85
494.616	82.85
494.74	-83.15
494.865	-71.15
494.99	-15.15
495.115	-33.15
495.24	-1.15
495.365	-61.15
495.489	20.85
495.614	11.85
495.739	-33.15
495.864	-14.15
495.989	-102.15
496.113	46.85
496.238	-10.15
496.363	-57.15
496.488	-56.15
496.612	77.85
496.737	-94.15
496.862	-35.15
496.987	-48.15
497.111	-4.15
497.236	-78.15
497.361	-51.15
497.486	60.85
497.61	41.85
497.735	-45.15
497.86	21.85
497.984	30.85
498.109	-37.15
498.234	-86.15
498.359	-3.15
498.483	33.85
498.608	51.85
498.733	-35.15
498.857	-29.15
498.982	67.85
499.107	73.85
499.231	286.85
499.356	1312.85
499.481	3799.85
499.605	6173.85
499.73	8399.85
499.855	9958.85
499.979	11031.85
500.104	11715.85
500.228	12523.85
500.353	12224.85
500.478	10061.85
500.602	6204.85
500.727	3334.85
500.852	1308.85
500.976	356.85
501.101	160.85
501.225	130.85
501.35	58.85
501.474	13.85
501.599	83.85
501.724	12.85
501.848	8.85
501.973	97.85
502.097	-16.15
502.222	-28.15
502.346	-11.15
502.471	-37.15
502.595	-5.15
502.72	-34.15
502.844	-44.15
502.969	2.85
503.094	84.85
503.218	-101.15
503.343	-34.15
503.467	-44.15
503.592	18.85
503.716	-51.15
503.841	-10.15
503.965	80.85
504.089	12.85
504.214	-29.15
504.338	-21.15
504.463	65.85
504.587	59.85
504.712	-37.15
504.836	-17.15
504.961	44.85
505.085	87.85
505.21	-49.15
505.334	-16.15
505.458	84.85
505.583	-36.15
505.707	-23.15
505.832	-29.15
505.956	-8.15
506.08	-8.15
506.205	-91.15
506.329	108.85
506.454	-138.15
506.578	-15.15
506.702	-64.15
506.827	50.85
506.951	-5.15
507.076	-5.15
507.2	-73.15
507.324	41.85
507.449	39.85
507.573	-13.15
507.697	-87.15
507.822	-37.15
507.946	7.85
508.07	-92.15
508.195	-48.15
508.319	-41.15
508.443	17.85
508.567	-97.15
508.692	-78.15
508.816	-88.15
508.94	33.85
509.065	-115.15
509.189	-11.15
509.313	-3.15
509.437	51.85
509.562	-59.15
509.686	-90.15
509.81	-72.15
509.935	-26.15
510.059	101.85
510.183	-90.15
510.307	-62.15
510.431	38.85
510.556	-8.15
510.68	-52.15
510.804	-81.15
510.928	-9.15
511.053	-77.15
511.177	-79.15
511.301	-22.15
511.425	-28.15
511.549	22.85
511.674	-23.15
511.798	-43.15
511.922	12.85
512.046	79.85
512.17	-31.15
512.294	-35.15
512.419	12.85
512.543	35.85
512.667	-30.15
512.791	-59.15
512.915	-5.15
513.039	-21.15
513.163	-25.15
513.288	41.85
513.412	-37.15
513.536	64.85
513.66	-57.15
513.784	-39.15
513.908	13.85
514.032	1.85
514.156	0.85
514.28	81.85
514.404	7.85
514.528	-24.15
514.653	0.85
514.777	-8.15
514.901	1.85
515.025	96.85
515.149	-31.15
515.273	37.85
515.397	3.85
515.521	2.85
515.645	-58.15
515.769	-67.15
515.893	-35.15
516.017	-24.15
516.141	-101.15
516.265	-26.15
516.389	-28.15
516.513	-0.15
516.637	-75.15
516.761	-98.15
516.885	-4.15
517.009	-53.15
517.133	-66.15
517.257	-32.15
517.381	22.85
517.505	25.85
517.629	23.85
517.753	2.85
517.877	-29.15
518.001	22.85
518.125	-58.15
518.248	-17.15
518.372	18.85
518.496	-23.15
518.62	-58.15
518.744	-28.15
518.868	14.85
518.992	33.85
519.116	-75.15
519.24	102.85
519.364	54.85
519.488	-62.15
519.611	-112.15
519.735	-11.15
519.859	-13.15
519.983	75.85
520.107	-81.15
520.231	57.85
520.355	41.85
520.478	-15.15
520.602	-48.15
520.726	32.85
520.85	-27.15
520.974	34.85
521.098	-113.15
521.221	-42.15
521.345	44.85
521.469	-15.15
521.593	-56.15
521.717	23.85
521.84	-8.15
521.964	-3.15
522.088	-55.15
522.212	19.85
522.335	-97.15
522.459	-7.15
522.583	45.85
522.707	-114.15
522.83	-38.15
522.954	-87.15
523.078	-75.15
523.202	9.85
523.325	-10.15
523.449	-8.15
523.573	-29.15
523.697	-63.15
523.82	-51.15
523.944	27.85
524.068	-17.15
524.191	-38.15
524.315	-81.15
524.439	-24.15
524.562	-37.15
524.686	-56.15
524.81	-57.15
524.933	3.85
525.057	-14.15
525.181	-19.15
525.304	-102.15
525.428	80.85
525.552	-99.15
525.675	15.85
525.799	-42.15
525.923	-4.15
526.046	-32.15
526.17	-125.15
526.293	-33.15
526.417	36.85
526.541	18.85
526.664	-32.15
526.788	-43.15
526.911	42.85
527.035	-108.15
527.159	-37.15
527.282	-23.15
527.406	-18.15
527.529	1.85
527.653	-106.15
527.776	36.85
527.9	-2.15
528.024	-47.15
528.147	-37.15
528.271	62.85
528.394	70.85
528.518	49.85
528.641	-85.15
528.765	7.85
528.888	8.85
529.012	-25.15
529.135	-80.15
529.259	75.85
529.382	3.85
529.506	-55.15
529.629	0.85
529.753	-82.15
529.876	38.85
530	30.85
530.123	-56.15
530.247	-42.15
530.37	-7.15
530.493	-14.15
530.617	-42.15
530.74	32.85
530.864	49.85
530.987	-81.15
531.111	-5.15
531.234	-55.15
531.357	34.85
531.481	26.85
531.604	46.85
531.728	-53.15
531.851	37.85
531.974	16.85
532.098	-50.15
532.221	5.85
532.345	1.85
532.468	-119.15
532.591	54.85
532.715	-12.15
532.838	-92.15
532.961	-49.15
533.085	-26.15
533.208	30.85
533.331	-39.15
533.455	-46.15
533.578	-18.15
533.701	21.85
533.825	93.85
533.948	-70.15
534.071	-24.15
534.195	-8.15
534.318	-43.15
534.441	-76.15
534.564	26.85
534.688	3.85
534.811	79.85
534.934	-26.15
535.058	9.85
535.181	37.85
535.304	66.85
535.427	-55.15
535.551	-86.15
535.674	-88.15
535.797	42.85
535.92	36.85
536.043	-38.15
536.167	-37.15
536.29	9.85
536.413	-27.15
536.536	-67.15
536.66	-46.15
536.783	53.85
536.906	-24.15
537.029	-47.15
537.152	-13.15
537.275	-18.15
537.399	66.85
537.522	-93.15
537.645	-21.15
537.768	28.85
537.891	-66.15
538.014	-12.15
538.138	-27.15
538.261	-31.15
538.384	8.85
538.507	-112.15
538.63	16.85
538.753	86.85
538.876	3.85
538.999	-65.15
539.123	-10.15
539.246	107.85
539.369	92.85
539.492	-33.15
539.615	-36.15
539.738	81.85
539.861	-19.15
539.984	-14.15
540.107	5.85
540.23	-9.15
540.353	-101.15
540.476	-116.15
540.599	-8.15
540.722	-124.15
540.846	-25.15
540.969	-114.15
541.092	-17.15
541.215	-33.15
541.338	-27.15
541.461	-100.15
541.584	-10.15
541.707	-43.15
541.83	-64.15
541.953	-42.15
542.076	59.85
542.199	7.85
542.322	51.85
542.445	64.85
542.567	-68.15
542.69	15.85
542.813	-103.15
542.936	-2.15
543.059	20.85
543.182	128.85
543.305	4.85
543.428	6.85
543.551	26.85
543.674	106.85
543.797	-20.15
543.92	-24.15
544.043	127.85
544.166	-55.15
544.288	-16.15
544.411	-7.15
544.534	-41.15
544.657	-43.15
544.78	-79.15
544.903	-13.15
545.026	24.85
545.149	-3.15
545.271	-79.15
545.394	9.85
545.517	-53.15
545.64	155.85
545.763	-29.15
545.886	-75.15
546.008	-4.15
546.131	70.85
546.254	-2.15
546.377	-89.15
546.5	80.85
546.623	73.85
546.745	-38.15
546.868	-48.15
546.991	71.85
547.114	2.85
547.236	-57.15
547.359	-65.15
547.482	59.85
547.605	-1.15
547.728	-95.15
547.85	-86.15
547.973	-42.15
548.096	50.85
548.219	-52.15
548.341	-50.15
548.464	-20.15
548.587	14.85
548.709	-28.15
548.832	0.85
548.955	116.85
549.078	48.85
549.2	-89.15
549.323	-50.15
549.446	164.85
549.568	16.85
549.691	-20.15
549.814	19.85
549.936	-30.15
550.059	31.85
550.182	-72.15
550.304	-92.15
550.427	-12.15
550.55	7.85
550.672	-92.15
550.795	88.85
550.917	-27.15
551.04	18.85
551.163	-6.15
551.285	-5.15
551.408	39.85
551.531	166.85
551.653	-71.15
551.776	0.85
551.898	38.85
552.021	37.85
552.143	-45.15
552.266	-39.15
552.389	39.85
552.511	-30.15
552.634	-84.15
552.756	-33.15
552.879	116.85
553.001	64.85
553.124	-98.15
553.246	-63.15
553.369	68.85
553.492	38.85
553.614	20.85
553.737	-117.15
553.859	88.85
553.982	61.85
554.104	-55.15
554.227	-65.15
554.349	31.85
554.472	35.85
554.594	-129.15
554.716	49.85
554.839	36.85
554.961	11.85
555.084	-130.15
555.206	3.85
555.329	-10.15
555.451	-16.15
555.574	-12.15
555.696	-48.15
555.819	3.85
555.941	-10.15
556.063	0.85
556.186	-20.15
556.308	-0.15
556.431	122.85
556.553	-11.15
556.675	-70.15
556.798	15.85
556.92	38.85
557.043	-91.15
557.165	-96.15
557.287	80.85
557.41	14.85
557.532	-37.15
557.654	-45.15
557.777	96.85
557.899	27.85
558.021	-8.15
558.144	25.85
558.266	56.85
558.388	138.85
558.511	-77.15
558.633	-29.15
558.755	-30.15
558.878	-14.15
559	11.85
559.122	-103.15
559.244	-96.15
559.367	64.85
559.489	-24.15
559.611	54.85
559.734	26.85
559.856	3.85
559.978	-61.15
560.1	-42.15
560.223	-0.15
560.345	89.85
560.467	-97.15
560.589	-16.15
560.712	12.85
560.834	90.85
560.956	-80.15
561.078	-53.15
561.2	54.85
561.323	45.85
561.445	-104.15
561.567	-75.15
561.689	-54.15
561.811	71.85
561.934	-61.15
562.056	-30.15
562.178	19.85
562.3	23.85
562.422	-10.15
562.544	-41.15
562.666	103.85
562.789	40.85
562.911	-53.15
563.033	-26.15
563.155	89.85
563.277	-9.15
563.399	-157.15
563.521	-59.15
563.643	-17.15
563.766	14.85
563.888	20.85
564.01	-49.15
564.132	-11.15
564.254	-75.15
564.376	13.85
564.498	15.85
564.62	106.85
564.742	45.85
564.864	-146.15
564.986	3.85
565.108	127.85
565.23	-28.15
565.352	-26.15
565.474	-2.15
565.597	95.85
565.719	58.85
565.841	-90.15
565.963	-18.15
566.085	61.85
566.207	-8.15
566.329	8.85
566.451	5.85
566.573	-0.15
566.695	46.85
566.817	38.85
566.938	-94.15
567.06	-1.15
567.182	51.85
567.304	-73.15
567.426	-111.15
567.548	28.85
567.67	-19.15
567.792	-27.15
567.914	-68.15
568.036	58.85
568.158	-65.15
568.28	-83.15
568.402	23.85
568.524	-3.15
568.646	-26.15
568.767	-57.15
568.889	25.85
569.011	55.85
569.133	-7.15
569.255	-98.15
569.377	-72.15
569.499	7.85
569.621	58.85
569.742	10.85
569.864	9.85
569.986	120.85
570.108	100.85
570.23	-112.15
570.352	12.85
570.473	43.85
570.595	5.85
570.717	-111.15
570.839	-50.15
570.961	47.85
571.082	15.85
571.204	-87.15
571.326	-34.15
571.448	78.85
571.57	87.85
571.691	-41.15
571.813	-18.15
571.935	77.85
572.057	14.85
572.178	-35.15
572.3	35.85
572.422	72.85
572.544	155.85
572.665	-80.15
572.787	-40.15
572.909	64.85
573.031	90.85
573.152	-87.15
573.274	-1.15
573.396	39.85
573.517	15.85
573.639	-175.15
573.761	-35.15
573.882	9.85
574.004	110.85
574.126	-111.15
574.247	-8.15
574.369	25.85
574.491	18.85
574.612	-79.15
574.734	-28.15
574.856	4.85
574.977	84.85
575.099	-98.15
575.221	-34.15
575.342	48.85
575.464	5.85
575.585	-46.15
575.707	-73.15
575.829	107.85
575.95	55.85
576.072	-51.15
576.193	-62.15
576.315	40.85
576.437	18.85
576.558	-75.15
576.68	-33.15
576.801	169.85
576.923	-23.15
577.044	15.85
577.166	-115.15
577.287	44.85
577.409	26.85
577.531	-61.15
577.652	-62.15
577.774	-74.15
577.895	42.85
578.017	-112.15
578.138	-52.15
578.26	21.85
578.381	64.85
578.503	-67.15
578.624	-73.15
578.746	7.85
578.867	-10.15
578.988	-37.15
579.11	40.85
579.231	40.85
579.353	25.85
579.474	-89.15
579.596	-75.15
579.717	45.85
579.839	83.85
579.96	-165.15
580.081	-7.15
580.203	45.85
580.324	53.85
580.446	-31.15
580.567	-87.15
580.688	125.85
580.81	5.85
580.931	-48.15
581.053	-121.15
581.174	-2.15
581.295	59.85
581.417	-58.15
581.538	-7.15
581.659	54.85
581.781	24.85
581.902	-89.15
582.024	-80.15
582.145	-84.15
582.266	9.85
582.388	-75.15
582.509	-74.15
582.63	14.85
582.751	8.85
582.873	-109.15
582.994	-38.15
583.115	19.85
583.237	92.85
583.358	-83.15
583.479	-101.15
583.6	91.85
583.722	33.85
583.843	-83.15
583.964	40.85
584.086	-17.15
584.207	82.85
584.328	-70.15
584.449	-32.15
584.57	36.85
584.692	39.85
584.813	198.85
584.934	-20.15
585.055	-22.15
585.177	68.85
585.298	-29.15
585.419	-95.15
585.54	99.85
585.661	52.85
585.783	-78.15
585.904	-74.15
586.025	46.85
586.146	-3.15
586.267	-104.15
586.388	4.85
586.51	136.85
586.631	-20.15
586.752	-117.15
586.873	-51.15
586.994	-19.15
587.115	-17.15
587.236	-94.15
587.357	-109.15
587.479	-35.15
587.6	6.85
587.721	-102.15
587.842	-83.15
587.963	53.85
588.084	109.85
588.205	-55.15
588.326	-77.15
588.447	34.85
588.568	63.85
588.689	-38.15
588.81	-14.15
588.931	20.85
589.052	26.85
589.174	-94.15
589.295	-26.15
589.416	30.85
589.537	81.85
589.658	-59.15
589.779	-72.15
589.9	89.85
590.021	78.85
590.142	-42.15
590.263	-176.15
590.384	35.85
590.505	73.85
590.626	-92.15
590.747	-23.15
590.867	94.85
590.988	58.85
591.109	-33.15
591.23	-7.15
591.351	77.85
591.472	96.85
591.593	-60.15
591.714	-29.15
591.835	-32.15
591.956	22.85
592.077	-100.15
592.198	-3.15
592.319	68.85
592.44	62.85
592.56	-36.15
592.681	-108.15
592.802	-51.15
592.923	38.85
593.044	-116.15
593.165	-96.15
593.286	75.85
593.407	23.85
593.527	-15.15
593.648	-85.15
593.769	-13.15
593.89	50.85
594.011	-15.15
594.132	-105.15
594.252	-59.15
594.373	5.85
594.494	-111.15
594.615	-46.15
594.736	12.85
594.856	22.85
594.977	-81.15
595.098	-12.15
595.219	-7.15
595.34	45.85
595.46	-143.15
595.581	42.85
595.702	44.85
595.823	-51.15
595.943	-62.15
596.064	-65.15
596.185	132.85
596.306	-71.15
596.426	-64.15
596.547	-102.15
596.668	88.85
596.788	113.85
596.909	-53.15
597.03	-13.15
597.151	31.85
597.271	-9.15
597.392	-76.15
597.513	7.85
597.633	89.85
597.754	66.85
597.875	-83.15
597.995	49.85
598.116	42.85
598.237	7.85
598.357	-82.15
598.478	-62.15
598.599	149.85
598.719	6.85
598.84	-118.15
598.96	-37.15
599.081	20.85
599.202	18.85
599.322	-86.15
599.443	-75.15
599.563	57.85
599.684	102.85
599.805	-99.15
599.925	-97.15
600.046	105.85
600.166	31.85
600.287	-22.15
600.407	-72.15
600.528	11.85
600.649	38.85
600.769	-69.15
600.89	-104.15
601.01	38.85
601.131	28.85
601.251	8.85
601.372	-55.15
601.492	-96.15
601.613	-27.15
601.733	-69.15
601.854	122.85
601.974	188.85
602.095	129.85
602.215	-79.15
602.336	-97.15
602.456	132.85
602.577	-0.15
602.697	166.85
602.817	-14.15
602.938	14.85
603.058	60.85
603.179	-109.15
603.299	-61.15
603.42	-25.15
603.54	67.85
603.66	-73.15
603.781	-54.15
603.901	10.85
604.022	95.85
604.142	-77.15
604.262	-18.15
604.383	-16.15
604.503	81.85
604.624	-77.15
604.744	-2.15
604.864	47.85
604.985	42.85
605.105	-43.15
605.225	-33.15
605.346	18.85
605.466	99.85
605.586	19.85
605.707	101.85
605.827	-34.15
605.947	-8.15
606.068	-58.15
606.188	-21.15
606.308	2.85
606.429	126.85
606.549	-74.15
606.669	-90.15
606.789	-18.15
606.91	64.85
607.03	-47.15
607.15	-32.15
607.27	42.85
607.391	105.85
607.511	-68.15
607.631	-49.15
607.751	132.85
607.872	42.85
607.992	-119.15
608.112	37.85
608.232	-33.15
608.353	-35.15
608.473	-5.15
608.593	45.85
608.713	97.85
608.833	80.85
608.954	-73.15
609.074	-75.15
609.194	-7.15
609.314	115.85
609.434	-1.15
609.554	-14.15
609.675	111.85
609.795	35.85
609.915	-87.15
610.035	64.85
610.155	29.85
610.275	32.85
610.395	11.85
610.516	-82.15
610.636	-7.15
610.756	-13.15
610.876	-12.15
610.996	-75.15
611.116	87.85
611.236	-163.15
611.356	-102.15
611.476	-47.15
611.596	-17.15
611.716	80.85
611.836	-112.15
611.957	-88.15
612.077	-60.15
612.197	27.85
612.317	-75.15
612.437	64.85
612.557	67.85
612.677	-0.15
612.797	-52.15
612.917	-29.15
613.037	28.85
613.157	32.85
613.277	-51.15
613.397	70.85
613.517	102.85
613.637	37.85
613.757	-73.15
613.877	-52.15
613.997	130.85
614.117	19.85
614.237	-44.15
614.356	-11.15
614.476	73.85
614.596	106.85
614.716	-57.15
614.836	-38.15
614.956	48.85
615.076	42.85
615.196	-99.15
615.316	-48.15
615.436	49.85
615.556	137.85
615.676	41.85
615.795	0.85
615.915	21.85
616.035	19.85
616.155	-46.15
616.275	-106.15
616.395	-7.15
616.515	75.85
616.635	-80.15
616.754	-117.15
616.874	57.85
616.994	35.85
617.114	16.85
617.234	27.85
617.354	44.85
617.473	195.85
617.593	-84.15
617.713	-39.15
617.833	41.85
617.953	47.85
618.072	-145.15
618.192	-36.15
618.312	86.85
618.432	134.85
618.551	-107.15
618.671	-30.15
618.791	86.85
618.911	48.85
619.03	-60.15
619.15	-41.15
619.27	9.85
619.39	-25.15
619.509	-81.15
619.629	-34.15
619.749	-25.15
619.868	78.85
619.988	-141.15
620.108	-42.15
620.228	278.85
620.347	73.85
620.467	-66.15
620.587	-83.15
620.706	87.85
620.826	41.85
620.946	-88.15
621.065	25.85
621.185	130.85
621.305	-2.15
621.424	-54.15
621.544	-147.15
621.663	116.85
621.783	35.85
621.903	55.85
622.022	-53.15
622.142	13.85
622.261	77.85
622.381	-16.15
622.501	17.85
622.62	17.85
622.74	10.85
622.859	-81.15
622.979	4.85
623.099	8.85
623.218	68.85
623.338	16.85
623.457	-13.15
623.577	22.85
623.696	48.85
623.816	-86.15
623.935	-74.15
624.055	11.85
624.174	70.85
624.294	-64.15
624.413	-91.15
624.533	109.85
624.652	18.85
624.772	-63.15
624.891	-136.15
625.011	78.85
625.13	47.85
625.25	-100.15
625.369	-67.15
625.489	57.85
625.608	5.85
625.728	-42.15
625.847	-55.15
625.966	25.85
626.086	-6.15
626.205	-67.15
626.325	-35.15
626.444	-56.15
626.564	144.85
626.683	1.85
626.802	37.85
626.922	148.85
627.041	82.85
627.161	-35.15
627.28	11.85
627.399	47.85
627.519	37.85
627.638	-150.15
627.757	-100.15
627.877	47.85
627.996	65.85
628.115	-8.15
628.235	9.85
628.354	-69.15
628.473	59.85
628.593	-12.15
628.712	-8.15
628.831	18.85
628.951	-33.15
629.07	10.85
629.189	-34.15
629.309	37.85
629.428	153.85
629.547	-101.15
629.666	-14.15
629.786	74.85
629.905	-53.15
630.024	18.85
630.143	-23.15
630.263	8.85
630.382	107.85
630.501	-99.15
630.62	-63.15
630.74	-23.15
630.859	73.85
630.978	-33.15
631.097	-83.15
631.216	26.85
631.336	194.85
631.455	-56.15
631.574	-61.15
631.693	44.85
631.812	37.85
631.932	-114.15
632.051	6.85
632.17	117.85
632.289	89.85
632.408	-82.15
632.527	-80.15
632.646	90.85
632.766	39.85
632.885	48.85
633.004	-124.15
633.123	-13.15
633.242	44.85
633.361	131.85
633.48	-35.15
633.599	6.85
633.718	106.85
633.838	-83.15
633.957	-81.15
634.076	48.85
634.195	72.85
634.314	-35.15
634.433	-58.15
634.552	31.85
634.671	39.85
634.79	39.85
634.909	4.85
635.028	6.85
635.147	101.85
635.266	-67.15
635.385	-30.15
635.504	-11.15
635.623	87.85
635.742	-116.15
635.861	-118.15
635.98	85.85
636.099	75.85
636.218	-68.15
636.337	-65.15
636.456	156.85
636.575	49.85
636.694	-21.15
636.813	-138.15
636.932	-53.15
637.051	73.85
637.17	-147.15
637.289	-50.15
637.408	-55.15
637.526	88.85
637.645	-149.15
637.764	-144.15
637.883	-20.15
638.002	124.85
638.121	49.85
638.24	-41.15
638.359	122.85
638.478	8.85
638.597	-69.15
638.715	73.85
638.834	51.85
638.953	114.85
639.072	-68.15
639.191	-139.15
639.31	80.85
639.428	73.85
639.547	-66.15
639.666	6.85
639.785	35.85
639.904	64.85
640.023	-87.15
640.141	-71.15
640.26	57.85
640.379	34.85
640.498	-120.15
640.616	-42.15
640.735	61.85
640.854	109.85
640.973	-69.15
641.092	-8.15
641.21	44.85
641.329	48.85
641.448	-14.15
641.567	65.85
641.685	10.85
641.804	90.85
641.923	-47.15
642.041	-71.15
642.16	32.85
642.279	143.85
642.398	-73.15
642.516	-84.15
642.635	87.85
642.754	68.85
642.872	-24.15
642.991	-17.15
643.11	14.85
643.228	43.85
643.347	-156.15
643.466	-119.15
643.584	44.85
643.703	175.85
643.821	-77.15
643.94	-40.15
644.059	96.85
644.177	107.85
644.296	-107.15
644.415	-58.15
644.533	68.85
644.652	65.85
644.77	-102.15
644.889	-118.15
645.008	148.85
645.126	4.85
645.245	-11.15
645.363	-17.15
645.482	-15.15
645.6	34.85
645.719	-75.15
645.837	-59.15
645.956	94.85
646.074	47.85
646.193	-69.15
646.312	-9.15
646.43	54.85
646.549	213.85
646.667	-174.15
646.786	-119.15
646.904	95.85
647.023	111.85
647.141	-104.15
647.26	-19.15
647.378	202.85
647.496	59.85
647.615	-122.15
647.733	-35.15
647.852	154.85
647.97	94.85
648.089	-47.15
648.207	-19.15
648.326	128.85
648.444	16.85
648.562	-80.15
648.681	-31.15
648.799	59.85
648.918	86.85
649.036	-70.15
649.154	-81.15
649.273	88.85
649.391	69.85
649.51	-95.15
649.628	-111.15
649.746	158.85
649.865	67.85
649.983	-72.15
650.101	-53.15
650.22	59.85
650.338	88.85
650.456	-71.15
650.575	-80.15
650.693	27.85
650.811	115.85
650.93	-122.15
651.048	241.85
651.166	178.85
651.285	50.85
651.403	-15.15
651.521	-27.15
651.639	107.85
651.758	94.85
651.876	1.85
651.994	-110.15
652.112	23.85
652.231	92.85
652.349	-101.15
652.467	-147.15
652.585	50.85
652.704	98.85
652.822	-125.15
652.94	-128.15
653.058	50.85
653.176	41.85
653.295	-58.15
653.413	-38.15
653.531	-7.15
653.649	70.85
653.767	-110.15
653.886	-132.15
654.004	-115.15
654.122	53.85
654.24	-128.15
654.358	-175.15
654.476	-13.15
654.594	124.85
654.713	-62.15
654.831	-112.15
654.949	39.85
655.067	67.85
655.185	-103.15
655.303	-57.15
655.421	81.85
655.539	121.85
655.658	-75.15
655.776	-65.15
655.894	103.85
656.012	90.85
656.13	-137.15
656.248	-48.15
656.366	43.85
656.484	22.85
656.602	-101.15
656.72	-97.15
656.838	30.85
656.956	67.85
657.074	-57.15
657.192	-63.15
657.31	-3.15
657.428	58.85
657.546	-75.15
657.664	-40.15
657.782	121.85
657.9	112.85
658.018	-102.15
658.136	-88.15
658.254	55.85
658.372	91.85
658.49	-102.15
658.608	-86.15
658.726	101.85
658.844	46.85
658.962	-100.15
659.08	-131.15
659.198	88.85
659.316	102.85
