Data from 500_HR4D30811__0__03.txt Node

197.25	-711.54
197.385	-711.54
197.519	-711.54
197.653	-716.54
197.787	32.46
197.922	-54.54
198.056	17.46
198.19	2.46
198.324	13.46
198.459	-91.54
198.593	71.46
198.727	10.46
198.861	-38.54
198.996	57.46
199.13	-34.54
199.264	-16.54
199.398	-14.54
199.533	77.46
199.667	25.46
199.801	10.46
199.935	-84.54
200.07	50.46
200.204	-31.54
200.338	-50.54
200.472	-55.54
200.606	-95.54
200.741	-6.54
200.875	-2.54
201.009	-38.54
201.143	-59.54
201.277	39.46
201.412	82.46
201.546	42.46
201.68	48.46
201.814	-20.54
201.948	24.46
202.082	-9.54
202.217	-83.54
202.351	-45.54
202.485	22.46
202.619	-98.54
202.753	-101.54
202.887	106.46
203.021	17.46
203.156	28.46
203.29	7.46
203.424	0.46
203.558	-1.54
203.692	17.46
203.826	-93.54
203.96	19.46
204.094	60.46
204.229	-24.54
204.363	-31.54
204.497	-83.54
204.631	-101.54
204.765	-108.54
204.899	-65.54
205.033	-52.54
205.167	-51.54
205.301	14.46
205.435	-78.54
205.569	-29.54
205.704	-5.54
205.838	-52.54
205.972	-9.54
206.106	153.46
206.24	-49.54
206.374	-61.54
206.508	53.46
206.642	34.46
206.776	27.46
206.91	60.46
207.044	40.46
207.178	50.46
207.312	17.46
207.446	-47.54
207.58	-43.54
207.714	-8.54
207.848	36.46
207.982	-115.54
208.116	-17.54
208.25	-67.54
208.384	-53.54
208.518	-56.54
208.652	-32.54
208.786	-24.54
208.92	68.46
209.054	1.46
209.188	-83.54
209.322	-24.54
209.456	-20.54
209.59	-92.54
209.724	-13.54
209.858	29.46
209.992	-16.54
210.126	-45.54
210.26	-54.54
210.394	8.46
210.528	-1.54
210.662	-97.54
210.796	-30.54
210.929	38.46
211.063	-4.54
211.197	-38.54
211.331	4.46
211.465	-45.54
211.599	20.46
211.733	23.46
211.867	-99.54
212.001	-17.54
212.135	46.46
212.269	-102.54
212.402	-66.54
212.536	27.46
212.67	-40.54
212.804	-89.54
212.938	20.46
213.072	-35.54
213.206	16.46
213.34	-47.54
213.473	-17.54
213.607	-41.54
213.741	-28.54
213.875	-109.54
214.009	-55.54
214.143	-16.54
214.277	-14.54
214.41	-81.54
214.544	78.46
214.678	35.46
214.812	59.46
214.946	-69.54
215.08	-95.54
215.213	-51.54
215.347	7.46
215.481	-16.54
215.615	-118.54
215.749	0.46
215.882	-20.54
216.016	-83.54
216.15	12.46
216.284	64.46
216.418	30.46
216.551	-2.54
216.685	18.46
216.819	-45.54
216.953	-25.54
217.086	46.46
217.22	-41.54
217.354	-21.54
217.488	54.46
217.621	-9.54
217.755	-2.54
217.889	-9.54
218.023	-0.54
218.156	23.46
218.29	8.46
218.424	86.46
218.558	-91.54
218.691	-103.54
218.825	-20.54
218.959	83.46
219.092	-4.54
219.226	-131.54
219.36	-77.54
219.494	11.46
219.627	1.46
219.761	-51.54
219.895	-47.54
220.028	-73.54
220.162	197.46
220.296	62.46
220.429	-54.54
220.563	17.46
220.697	21.46
220.83	-85.54
220.964	-56.54
221.098	-67.54
221.231	-91.54
221.365	-4.54
221.499	-6.54
221.632	-50.54
221.766	36.46
221.9	-53.54
222.033	-82.54
222.167	35.46
222.3	-25.54
222.434	-35.54
222.568	90.46
222.701	-37.54
222.835	15.46
222.968	-79.54
223.102	-32.54
223.236	-54.54
223.369	47.46
223.503	-56.54
223.636	-60.54
223.77	0.46
223.904	31.46
224.037	-43.54
224.171	17.46
224.304	24.46
224.438	-17.54
224.571	-15.54
224.705	-1.54
224.839	-42.54
224.972	-60.54
225.106	-43.54
225.239	-49.54
225.373	3.46
225.506	-21.54
225.64	-13.54
225.773	-32.54
225.907	-78.54
226.04	-62.54
226.174	-52.54
226.307	10.46
226.441	-42.54
226.575	60.46
226.708	10.46
226.842	-60.54
226.975	21.46
227.109	-50.54
227.242	-27.54
227.375	31.46
227.509	-1.54
227.642	10.46
227.776	-6.54
227.909	59.46
228.043	-58.54
228.176	92.46
228.31	-47.54
228.443	73.46
228.577	21.46
228.71	9.46
228.844	-5.54
228.977	-114.54
229.111	-7.54
229.244	73.46
229.377	-99.54
229.511	-15.54
229.644	-44.54
229.778	-35.54
229.911	-58.54
230.044	-41.54
230.178	-24.54
230.311	-12.54
230.445	-19.54
230.578	-18.54
230.711	-17.54
230.845	95.46
230.978	23.46
231.112	-81.54
231.245	-49.54
231.378	-38.54
231.512	5.46
231.645	-119.54
231.779	-127.54
231.912	-9.54
232.045	23.46
232.179	-53.54
232.312	-18.54
232.445	36.46
232.579	46.46
232.712	58.46
232.845	-30.54
232.979	-88.54
233.112	-3.54
233.245	7.46
233.379	-55.54
233.512	9.46
233.645	-53.54
233.779	-55.54
233.912	40.46
234.045	-17.54
234.179	-27.54
234.312	-11.54
234.445	-13.54
234.578	40.46
234.712	10.46
234.845	23.46
234.978	-48.54
235.112	47.46
235.245	24.46
235.378	21.46
235.511	-36.54
235.645	40.46
235.778	19.46
235.911	-24.54
236.044	-62.54
236.178	75.46
236.311	-61.54
236.444	-57.54
236.577	-28.54
236.711	59.46
236.844	-150.54
236.977	-12.54
237.11	-61.54
237.243	27.46
237.377	-87.54
237.51	-70.54
237.643	235.46
237.776	2.46
237.909	-54.54
238.043	33.46
238.176	-17.54
238.309	-19.54
238.442	-113.54
238.575	-21.54
238.709	125.46
238.842	54.46
238.975	-12.54
239.108	47.46
239.241	-51.54
239.374	-12.54
239.508	-56.54
239.641	54.46
239.774	108.46
239.907	18.46
240.04	-64.54
240.173	12.46
240.306	40.46
240.44	-11.54
240.573	26.46
240.706	-38.54
240.839	-12.54
240.972	-22.54
241.105	8.46
241.238	1.46
241.371	44.46
241.504	44.46
241.638	-49.54
241.771	25.46
241.904	-29.54
242.037	21.46
242.17	-23.54
242.303	-105.54
242.436	0.46
242.569	-0.54
242.702	-38.54
242.835	-35.54
242.968	6.46
243.101	6.46
243.234	-99.54
243.367	-40.54
243.5	-43.54
243.634	-32.54
243.767	-95.54
243.9	-62.54
244.033	-12.54
244.166	31.46
244.299	-107.54
244.432	-109.54
244.565	48.46
244.698	-102.54
244.831	-51.54
244.964	-48.54
245.097	-54.54
245.23	51.46
245.363	-5.54
245.496	-73.54
245.629	-47.54
245.762	112.46
245.895	-65.54
246.028	-71.54
246.161	125.46
246.294	16.46
246.427	-72.54
246.559	-7.54
246.692	-10.54
246.825	-4.54
246.958	-96.54
247.091	-38.54
247.224	-87.54
247.357	-21.54
247.49	29.46
247.623	-18.54
247.756	-105.54
247.889	86.46
248.022	-13.54
248.155	-74.54
248.288	-11.54
248.421	-40.54
248.553	-2.54
248.686	-51.54
248.819	13.46
248.952	-30.54
249.085	67.46
249.218	16.46
249.351	1.46
249.484	75.46
249.617	-1.54
249.749	-61.54
249.882	7.46
250.015	-62.54
250.148	-33.54
250.281	-29.54
250.414	-13.54
250.547	-88.54
250.679	62.46
250.812	-32.54
250.945	10.46
251.078	-39.54
251.211	-39.54
251.344	-80.54
251.476	-28.54
251.609	36.46
251.742	-76.54
251.875	-17.54
252.008	-59.54
252.14	-75.54
252.273	-39.54
252.406	33.46
252.539	-22.54
252.672	22.46
252.804	6.46
252.937	-66.54
253.07	-15.54
253.203	-2.54
253.335	34.46
253.468	-69.54
253.601	-46.54
253.734	33.46
253.866	-21.54
253.999	108.46
254.132	-13.54
254.265	-26.54
254.397	-22.54
254.53	-69.54
254.663	50.46
254.796	-40.54
254.928	-77.54
255.061	-66.54
255.194	12.46
255.327	-73.54
255.459	-44.54
255.592	-60.54
255.725	125.46
255.857	-53.54
255.99	-6.54
256.123	-53.54
256.255	-55.54
256.388	65.46
256.521	-78.54
256.653	-94.54
256.786	-4.54
256.919	-27.54
257.051	-20.54
257.184	-30.54
257.317	-17.54
257.449	-31.54
257.582	-12.54
257.715	-70.54
257.847	-41.54
257.98	-8.54
258.113	-41.54
258.245	-49.54
258.378	-71.54
258.51	-46.54
258.643	-86.54
258.776	23.46
258.908	-81.54
259.041	-6.54
259.174	-62.54
259.306	-44.54
259.439	-77.54
259.571	-12.54
259.704	-6.54
259.837	65.46
259.969	-69.54
260.102	-56.54
260.234	57.46
260.367	34.46
260.499	-82.54
260.632	-9.54
260.765	-27.54
260.897	-51.54
261.03	-36.54
261.162	3.46
261.295	-23.54
261.427	68.46
261.56	-37.54
261.692	-45.54
261.825	-29.54
261.957	15.46
262.09	18.46
262.222	-0.54
262.355	-57.54
262.487	-32.54
262.62	-91.54
262.752	27.46
262.885	-57.54
263.017	8.46
263.15	-77.54
263.282	3.46
263.415	-68.54
263.547	15.46
263.68	70.46
263.812	-82.54
263.945	-30.54
264.077	-52.54
264.21	63.46
264.342	-71.54
264.475	-73.54
264.607	71.46
264.74	-51.54
264.872	-46.54
265.004	-8.54
265.137	-7.54
265.269	79.46
265.402	-32.54
265.534	-50.54
265.667	-40.54
265.799	16.46
265.931	2.46
266.064	7.46
266.196	22.46
266.329	-89.54
266.461	-16.54
266.593	14.46
266.726	-65.54
266.858	-40.54
266.99	29.46
267.123	-22.54
267.255	-41.54
267.388	-7.54
267.52	-50.54
267.652	-66.54
267.785	46.46
267.917	-6.54
268.049	-1.54
268.182	124.46
268.314	25.46
268.446	-83.54
268.579	-0.54
268.711	74.46
268.843	-51.54
268.976	-18.54
269.108	158.46
269.24	46.46
269.373	-24.54
269.505	-69.54
269.637	-44.54
269.77	-53.54
269.902	10.46
270.034	-66.54
270.167	11.46
270.299	-20.54
270.431	50.46
270.563	-16.54
270.696	29.46
270.828	11.46
270.96	21.46
271.092	50.46
271.225	-51.54
271.357	-0.54
271.489	-32.54
271.621	-79.54
271.754	160.46
271.886	-11.54
272.018	-22.54
272.15	77.46
272.283	-65.54
272.415	-32.54
272.547	23.46
272.679	24.46
272.811	0.46
272.944	-6.54
273.076	-90.54
273.208	5.46
273.34	8.46
273.473	5.46
273.605	42.46
273.737	-26.54
273.869	30.46
274.001	-118.54
274.133	30.46
274.266	-37.54
274.398	379.46
274.53	23.46
274.662	73.46
274.794	-4.54
274.926	58.46
275.059	-60.54
275.191	-2.54
275.323	-21.54
275.455	48.46
275.587	-56.54
275.719	-41.54
275.851	-26.54
275.983	19.46
276.116	-1.54
276.248	64.46
276.38	-55.54
276.512	44.46
276.644	-66.54
276.776	-12.54
276.908	6.46
277.04	28.46
277.172	4.46
277.304	-19.54
277.437	10.46
277.569	-9.54
277.701	-38.54
277.833	7.46
277.965	-52.54
278.097	65.46
278.229	-79.54
278.361	-28.54
278.493	85.46
278.625	122.46
278.757	1.46
278.889	-72.54
279.021	8.46
279.153	108.46
279.285	-27.54
279.417	140.46
279.549	36.46
279.681	12.46
279.813	-18.54
279.945	-18.54
280.077	-54.54
280.209	305.46
280.341	-64.54
280.473	-11.54
280.605	26.46
280.737	71.46
280.869	72.46
281.001	-4.54
281.133	-81.54
281.265	57.46
281.397	-48.54
281.529	102.46
281.661	-55.54
281.793	-68.54
281.925	-51.54
282.057	-32.54
282.189	-75.54
282.321	74.46
282.453	13.46
282.585	-25.54
282.717	42.46
282.849	6.46
282.98	-29.54
283.112	-32.54
283.244	15.46
283.376	-33.54
283.508	-95.54
283.64	-20.54
283.772	28.46
283.904	54.46
284.036	-70.54
284.168	47.46
284.299	0.46
284.431	15.46
284.563	-22.54
284.695	-61.54
284.827	-33.54
284.959	4.46
285.091	-92.54
285.222	-34.54
285.354	-23.54
285.486	-24.54
285.618	-40.54
285.75	2.46
285.882	49.46
286.013	23.46
286.145	-27.54
286.277	23.46
286.409	55.46
286.541	14.46
286.673	-77.54
286.804	-36.54
286.936	-51.54
287.068	-53.54
287.2	-68.54
287.332	124.46
287.463	-64.54
287.595	21.46
287.727	87.46
287.859	1.46
287.99	8.46
288.122	6.46
288.254	-8.54
288.386	-20.54
288.517	-39.54
288.649	0.46
288.781	-34.54
288.913	58.46
289.044	-50.54
289.176	90.46
289.308	-28.54
289.44	-71.54
289.571	-48.54
289.703	-83.54
289.835	18.46
289.967	-26.54
290.098	-94.54
290.23	-63.54
290.362	40.46
290.493	-66.54
290.625	-52.54
290.757	20.46
290.888	-5.54
291.02	9.46
291.152	48.46
291.283	5.46
291.415	-41.54
291.547	-26.54
291.678	-64.54
291.81	3.46
291.942	36.46
292.073	38.46
292.205	-70.54
292.337	43.46
292.468	105.46
292.6	-38.54
292.732	181.46
292.863	-33.54
292.995	-116.54
293.126	3.46
293.258	60.46
293.39	-36.54
293.521	-38.54
293.653	-61.54
293.785	34.46
293.916	-35.54
294.048	-4.54
294.179	26.46
294.311	-43.54
294.442	13.46
294.574	-57.54
294.706	-17.54
294.837	20.46
294.969	-21.54
295.1	-32.54
295.232	-26.54
295.363	70.46
295.495	40.46
295.627	6.46
295.758	24.46
295.89	-65.54
296.021	-0.54
296.153	-21.54
296.284	6.46
296.416	1.46
296.547	-5.54
296.679	-14.54
296.81	14.46
296.942	-88.54
297.073	-67.54
297.205	-103.54
297.336	-53.54
297.468	-30.54
297.599	-7.54
297.731	-95.54
297.862	-2.54
297.994	-52.54
298.125	-92.54
298.257	-13.54
298.388	17.46
298.52	44.46
298.651	17.46
298.782	95.46
298.914	-89.54
299.045	-46.54
299.177	-32.54
299.308	-50.54
299.44	39.46
299.571	48.46
299.702	-28.54
299.834	-29.54
299.965	-13.54
300.097	-38.54
300.228	17.46
300.36	-32.54
300.491	-27.54
300.622	38.46
300.754	-24.54
300.885	-87.54
301.017	64.46
301.148	10.46
301.279	-66.54
301.411	-49.54
301.542	2.46
301.673	13.46
301.805	-12.54
301.936	-59.54
302.067	12.46
302.199	-38.54
302.33	-12.54
302.461	93.46
302.593	20.46
302.724	-14.54
302.855	-62.54
302.987	-34.54
303.118	-48.54
303.249	-67.54
303.381	-47.54
303.512	-53.54
303.643	-57.54
303.775	75.46
303.906	-27.54
304.037	-52.54
304.169	-54.54
304.3	-37.54
304.431	-57.54
304.562	-85.54
304.694	-43.54
304.825	-14.54
304.956	55.46
305.087	-34.54
305.219	-19.54
305.35	9.46
305.481	-94.54
305.612	-5.54
305.744	4.46
305.875	-26.54
306.006	115.46
306.137	-91.54
306.269	-25.54
306.4	73.46
306.531	41.46
306.662	-46.54
306.794	41.46
306.925	-97.54
307.056	-68.54
307.187	-13.54
307.318	-38.54
307.45	-8.54
307.581	15.46
307.712	-40.54
307.843	-21.54
307.974	-16.54
308.105	90.46
308.237	-1.54
308.368	-56.54
308.499	-31.54
308.63	18.46
308.761	-38.54
308.892	-8.54
309.024	28.46
309.155	-15.54
309.286	-53.54
309.417	-47.54
309.548	-27.54
309.679	-27.54
309.81	-106.54
309.941	127.46
310.073	-17.54
310.204	-15.54
310.335	0.46
310.466	-5.54
310.597	-26.54
310.728	-49.54
310.859	97.46
310.99	64.46
311.121	-7.54
311.252	-6.54
311.383	-91.54
311.514	-39.54
311.646	-39.54
311.777	12.46
311.908	-28.54
312.039	-16.54
312.17	-61.54
312.301	47.46
312.432	-36.54
312.563	-50.54
312.694	-8.54
312.825	-17.54
312.956	-59.54
313.087	22.46
313.218	47.46
313.349	-26.54
313.48	-93.54
313.611	-20.54
313.742	-30.54
313.873	33.46
314.004	-37.54
314.135	-7.54
314.266	66.46
314.397	10.46
314.528	-56.54
314.659	-51.54
314.79	-28.54
314.921	43.46
315.052	-3.54
315.183	-89.54
315.314	-57.54
315.445	66.46
315.576	5.46
315.707	-52.54
315.838	-36.54
315.968	68.46
316.099	-48.54
316.23	-66.54
316.361	58.46
316.492	31.46
316.623	-22.54
316.754	82.46
316.885	-107.54
317.016	-15.54
317.147	-88.54
317.278	46.46
317.408	-72.54
317.539	-51.54
317.67	-83.54
317.801	8.46
317.932	-13.54
318.063	-16.54
318.194	-39.54
318.325	67.46
318.455	-51.54
318.586	10.46
318.717	88.46
318.848	-116.54
318.979	63.46
319.11	117.46
319.24	-7.54
319.371	24.46
319.502	-29.54
319.633	-19.54
319.764	-69.54
319.895	-66.54
320.025	13.46
320.156	-25.54
320.287	-130.54
320.418	-43.54
320.549	-23.54
320.679	-52.54
320.81	29.46
320.941	-107.54
321.072	-77.54
321.202	-14.54
321.333	73.46
321.464	-128.54
321.595	-41.54
321.726	114.46
321.856	-94.54
321.987	-45.54
322.118	-42.54
322.249	-5.54
322.379	-55.54
322.51	19.46
322.641	-49.54
322.771	-42.54
322.902	-35.54
323.033	-27.54
323.164	207.46
323.294	-90.54
323.425	-90.54
323.556	-17.54
323.686	-4.54
323.817	120.46
323.948	-1.54
324.078	-3.54
324.209	40.46
324.34	-13.54
324.47	51.46
324.601	-82.54
324.732	18.46
324.862	13.46
324.993	-40.54
325.124	-91.54
325.254	46.46
325.385	-11.54
325.516	127.46
325.646	127.46
325.777	-37.54
325.908	-1.54
326.038	-2.54
326.169	13.46
326.299	-27.54
326.43	5.46
326.561	-59.54
326.691	-75.54
326.822	-32.54
326.952	-9.54
327.083	24.46
327.214	-43.54
327.344	12.46
327.475	26.46
327.605	-13.54
327.736	6.46
327.867	-60.54
327.997	14.46
328.128	-45.54
328.258	-95.54
328.389	103.46
328.519	-10.54
328.65	24.46
328.78	-53.54
328.911	23.46
329.041	46.46
329.172	-105.54
329.303	-58.54
329.433	-45.54
329.564	-30.54
329.694	-47.54
329.825	-44.54
329.955	-36.54
330.086	183.46
330.216	-91.54
330.347	-59.54
330.477	6.46
330.608	-5.54
330.738	-33.54
330.868	-92.54
330.999	-28.54
331.129	62.46
331.26	-84.54
331.39	-56.54
331.521	76.46
331.651	83.46
331.782	-113.54
331.912	-35.54
332.043	-45.54
332.173	68.46
332.303	-94.54
332.434	36.46
332.564	38.46
332.695	0.46
332.825	-103.54
332.956	-24.54
333.086	-2.54
333.216	-47.54
333.347	-61.54
333.477	-109.54
333.608	-11.54
333.738	5.46
333.868	-59.54
333.999	-4.54
334.129	10.46
334.259	-41.54
334.39	-68.54
334.52	-0.54
334.65	-48.54
334.781	102.46
334.911	-62.54
335.042	-41.54
335.172	-1.54
335.302	17.46
335.433	51.46
335.563	-53.54
335.693	89.46
335.824	109.46
335.954	-121.54
336.084	-7.54
336.214	22.46
336.345	82.46
336.475	6.46
336.605	-30.54
336.736	67.46
336.866	18.46
336.996	-30.54
337.126	-35.54
337.257	16.46
337.387	-57.54
337.517	-99.54
337.648	-76.54
337.778	80.46
337.908	44.46
338.038	-51.54
338.169	-74.54
338.299	95.46
338.429	-7.54
338.559	-67.54
338.69	-33.54
338.82	103.46
338.95	7.46
339.08	-171.54
339.21	-59.54
339.341	1.46
339.471	43.46
339.601	-37.54
339.731	19.46
339.861	-41.54
339.992	28.46
340.122	-51.54
340.252	-65.54
340.382	-79.54
340.512	-2.54
340.642	11.46
340.773	17.46
340.903	-83.54
341.033	14.46
341.163	-21.54
341.293	75.46
341.423	-55.54
341.554	-49.54
341.684	31.46
341.814	-32.54
341.944	-55.54
342.074	-30.54
342.204	-40.54
342.334	41.46
342.464	-10.54
342.595	-73.54
342.725	-77.54
342.855	0.46
342.985	-10.54
343.115	-47.54
343.245	-112.54
343.375	6.46
343.505	4.46
343.635	1.46
343.765	-50.54
343.895	-94.54
344.025	43.46
344.155	-29.54
344.286	-11.54
344.416	34.46
344.546	5.46
344.676	0.46
344.806	20.46
344.936	-23.54
345.066	49.46
345.196	21.46
345.326	-116.54
345.456	31.46
345.586	-87.54
345.716	-62.54
345.846	-4.54
345.976	-100.54
346.106	-19.54
346.236	80.46
346.366	-8.54
346.496	-72.54
346.626	-41.54
346.756	-24.54
346.886	-99.54
347.016	-65.54
347.146	-30.54
347.276	-59.54
347.406	-69.54
347.536	11.46
347.666	60.46
347.795	-53.54
347.925	-50.54
348.055	45.46
348.185	-14.54
348.315	-10.54
348.445	6.46
348.575	-23.54
348.705	-34.54
348.835	-37.54
348.965	-68.54
349.095	-7.54
349.225	74.46
349.354	-57.54
349.484	-43.54
349.614	-41.54
349.744	-32.54
349.874	1.46
350.004	-58.54
350.134	-31.54
350.264	-90.54
350.393	-60.54
350.523	21.46
350.653	-84.54
350.783	12.46
350.913	67.46
351.043	-98.54
351.173	-27.54
351.302	22.46
351.432	48.46
351.562	-39.54
351.692	-36.54
351.822	-49.54
351.951	-97.54
352.081	43.46
352.211	-39.54
352.341	38.46
352.471	29.46
352.6	-85.54
352.73	-31.54
352.86	-42.54
352.99	31.46
353.12	-20.54
353.249	8.46
353.379	-31.54
353.509	-1.54
353.639	-83.54
353.768	-12.54
353.898	-71.54
354.028	-66.54
354.158	-43.54
354.287	-57.54
354.417	-53.54
354.547	-75.54
354.677	-93.54
354.806	17.46
354.936	21.46
355.066	7.46
355.195	-30.54
355.325	26.46
355.455	-46.54
355.584	92.46
355.714	-103.54
355.844	11.46
355.974	-30.54
356.103	18.46
356.233	-43.54
356.363	13.46
356.492	-49.54
356.622	-68.54
356.752	-25.54
356.881	-61.54
357.011	23.46
357.14	48.46
357.27	-78.54
357.4	33.46
357.529	28.46
357.659	75.46
357.789	-12.54
357.918	-85.54
358.048	-84.54
358.177	32.46
358.307	-69.54
358.437	-9.54
358.566	-80.54
358.696	30.46
358.825	40.46
358.955	-65.54
359.085	35.46
359.214	-79.54
359.344	-43.54
359.473	-89.54
359.603	21.46
359.733	-17.54
359.862	-82.54
359.992	5.46
360.121	-31.54
360.251	21.46
360.38	-85.54
360.51	54.46
360.639	-21.54
360.769	22.46
360.898	-10.54
361.028	11.46
361.157	28.46
361.287	-25.54
361.416	-94.54
361.546	-44.54
361.675	-28.54
361.805	-7.54
361.934	12.46
362.064	-48.54
362.193	-43.54
362.323	-89.54
362.452	32.46
362.582	-10.54
362.711	-64.54
362.841	-20.54
362.97	-27.54
363.1	-48.54
363.229	-70.54
363.359	-31.54
363.488	-83.54
363.617	-16.54
363.747	0.46
363.876	-62.54
364.006	-45.54
364.135	-27.54
364.265	27.46
364.394	-85.54
364.523	92.46
364.653	-52.54
364.782	64.46
364.912	-40.54
365.041	-93.54
365.17	-32.54
365.3	-15.54
365.429	91.46
365.558	-47.54
365.688	-26.54
365.817	-0.54
365.947	15.46
366.076	-9.54
366.205	-41.54
366.335	-83.54
366.464	-58.54
366.593	20.46
366.723	-31.54
366.852	9.46
366.981	-26.54
367.111	-53.54
367.24	-12.54
367.369	-5.54
367.499	141.46
367.628	36.46
367.757	-20.54
367.886	4.46
368.016	95.46
368.145	-12.54
368.274	-29.54
368.404	-72.54
368.533	-3.54
368.662	-10.54
368.791	-43.54
368.921	-65.54
369.05	73.46
369.179	10.46
369.308	75.46
369.438	-37.54
369.567	-69.54
369.696	-56.54
369.825	35.46
369.955	-7.54
370.084	19.46
370.213	-54.54
370.342	-65.54
370.472	-70.54
370.601	84.46
370.73	24.46
370.859	-99.54
370.988	-2.54
371.118	-49.54
371.247	28.46
371.376	35.46
371.505	-3.54
371.634	26.46
371.763	-53.54
371.893	-51.54
372.022	-41.54
372.151	-58.54
372.28	-64.54
372.409	-68.54
372.538	-26.54
372.667	28.46
372.797	22.46
372.926	-67.54
373.055	24.46
373.184	-23.54
373.313	-57.54
373.442	10.46
373.571	-35.54
373.7	-19.54
373.83	4.46
373.959	-77.54
374.088	1.46
374.217	65.46
374.346	-70.54
374.475	-64.54
374.604	-37.54
374.733	94.46
374.862	-64.54
374.991	-37.54
375.12	-2.54
375.249	44.46
375.378	-51.54
375.508	-124.54
375.637	-89.54
375.766	33.46
375.895	-61.54
376.024	33.46
376.153	-63.54
376.282	-11.54
376.411	-79.54
376.54	-138.54
376.669	-0.54
376.798	-32.54
376.927	-91.54
377.056	17.46
377.185	35.46
377.314	87.46
377.443	14.46
377.572	-50.54
377.701	-45.54
377.83	61.46
377.959	9.46
378.088	450.46
378.217	73.46
378.346	-27.54
378.474	-113.54
378.603	-43.54
378.732	-16.54
378.861	-76.54
378.99	-113.54
379.119	-110.54
379.248	-10.54
379.377	-52.54
379.506	-72.54
379.635	62.46
379.764	11.46
379.893	-59.54
380.022	-52.54
380.15	27.46
380.279	-58.54
380.408	-21.54
380.537	-54.54
380.666	42.46
380.795	12.46
380.924	-65.54
381.053	-109.54
381.181	-14.54
381.31	204.46
381.439	-11.54
381.568	-63.54
381.697	-60.54
381.826	-3.54
381.955	-22.54
382.083	-21.54
382.212	-112.54
382.341	30.46
382.47	-23.54
382.599	-107.54
382.727	-0.54
382.856	47.46
382.985	43.46
383.114	-28.54
383.243	-54.54
383.371	-27.54
383.5	-50.54
383.629	-61.54
383.758	-42.54
383.887	-102.54
384.015	7.46
384.144	-113.54
384.273	-25.54
384.402	31.46
384.53	-66.54
384.659	-87.54
384.788	-77.54
384.917	-25.54
385.045	32.46
385.174	-63.54
385.303	-94.54
385.432	-20.54
385.56	-20.54
385.689	-55.54
385.818	-22.54
385.946	6.46
386.075	-32.54
386.204	-77.54
386.332	-13.54
386.461	71.46
386.59	33.46
386.718	-77.54
386.847	-52.54
386.976	-9.54
387.104	-80.54
387.233	-61.54
387.362	-21.54
387.49	-16.54
387.619	-52.54
387.748	-40.54
387.876	55.46
388.005	12.46
388.134	84.46
388.262	-130.54
388.391	-70.54
388.52	8.46
388.648	-50.54
388.777	5.46
388.905	-59.54
389.034	-21.54
389.163	-26.54
389.291	-44.54
389.42	44.46
389.548	32.46
389.677	-26.54
389.805	-40.54
389.934	0.46
390.063	-49.54
390.191	-86.54
390.32	-72.54
390.448	-70.54
390.577	-68.54
390.705	-54.54
390.834	-16.54
390.962	-63.54
391.091	-21.54
391.22	69.46
391.348	30.46
391.477	12.46
391.605	-62.54
391.734	-16.54
391.862	-45.54
391.991	-61.54
392.119	-37.54
392.248	-30.54
392.376	-71.54
392.505	-41.54
392.633	13.46
392.762	125.46
392.89	-73.54
393.018	18.46
393.147	-0.54
393.275	-39.54
393.404	-67.54
393.532	-18.54
393.661	-41.54
393.789	3.46
393.918	-28.54
394.046	-34.54
394.174	-14.54
394.303	-68.54
394.431	-43.54
394.56	24.46
394.688	-118.54
394.817	-80.54
394.945	15.46
395.073	19.46
395.202	-2.54
395.33	12.46
395.459	-66.54
395.587	45.46
395.715	-3.54
395.844	22.46
395.972	-139.54
396.1	50.46
396.229	-49.54
396.357	13.46
396.485	-53.54
396.614	-22.54
396.742	52.46
396.87	4.46
396.999	24.46
397.127	-73.54
397.255	38.46
397.384	60.46
397.512	-103.54
397.64	-71.54
397.769	-19.54
397.897	36.46
398.025	-61.54
398.154	-5.54
398.282	107.46
398.41	-8.54
398.538	-47.54
398.667	-17.54
398.795	-52.54
398.923	25.46
399.052	-75.54
399.18	15.46
399.308	-16.54
399.436	74.46
399.565	-94.54
399.693	-18.54
399.821	8.46
399.949	-4.54
400.078	51.46
400.206	-85.54
400.334	-58.54
400.462	31.46
400.59	-126.54
400.719	-54.54
400.847	-77.54
400.975	21.46
401.103	-51.54
401.231	14.46
401.36	-16.54
401.488	-41.54
401.616	-63.54
401.744	-6.54
401.872	-50.54
402	47.46
402.129	-17.54
402.257	-62.54
402.385	-48.54
402.513	-7.54
402.641	-62.54
402.769	-29.54
402.897	-56.54
403.026	-36.54
403.154	-87.54
403.282	-93.54
403.41	-53.54
403.538	45.46
403.666	-86.54
403.794	-28.54
403.922	13.46
404.05	-29.54
404.179	-12.54
404.307	15.46
404.435	-68.54
404.563	-37.54
404.691	-102.54
404.819	135.46
404.947	-79.54
405.075	-30.54
405.203	-86.54
405.331	-11.54
405.459	-23.54
405.587	-19.54
405.715	-50.54
405.843	-32.54
405.971	-23.54
406.099	63.46
406.227	-5.54
406.355	-6.54
406.483	-147.54
406.611	24.46
406.739	-70.54
406.867	-54.54
406.995	-52.54
407.123	-38.54
407.251	-84.54
407.379	-64.54
407.507	15.46
407.635	-2.54
407.763	-120.54
407.891	-42.54
408.019	-27.54
408.147	46.46
408.275	34.46
408.403	-98.54
408.531	-114.54
408.659	79.46
408.787	-1.54
408.915	-23.54
409.043	-73.54
409.171	65.46
409.299	25.46
409.427	18.46
409.554	-64.54
409.682	13.46
409.81	-34.54
409.938	-9.54
410.066	-8.54
410.194	19.46
410.322	-71.54
410.45	-65.54
410.578	-67.54
410.705	-40.54
410.833	-22.54
410.961	-7.54
411.089	126.46
411.217	-60.54
411.345	-43.54
411.473	-43.54
411.6	19.46
411.728	-24.54
411.856	-109.54
411.984	-60.54
412.112	-4.54
412.239	31.46
412.367	-54.54
412.495	38.46
412.623	-56.54
412.751	48.46
412.878	-151.54
413.006	-37.54
413.134	34.46
413.262	99.46
413.39	-32.54
413.517	-13.54
413.645	8.46
413.773	-92.54
413.901	70.46
414.028	-29.54
414.156	-26.54
414.284	-53.54
414.412	11.46
414.539	1.46
414.667	-29.54
414.795	-39.54
414.923	-137.54
415.05	-29.54
415.178	-5.54
415.306	97.46
415.433	-54.54
415.561	47.46
415.689	35.46
415.816	-55.54
415.944	51.46
416.072	-56.54
416.2	-33.54
416.327	101.46
416.455	-73.54
416.583	-38.54
416.71	-58.54
416.838	71.46
416.966	-88.54
417.093	-30.54
417.221	24.46
417.348	11.46
417.476	-75.54
417.604	-59.54
417.731	-57.54
417.859	27.46
417.987	-46.54
418.114	-64.54
418.242	-28.54
418.369	-44.54
418.497	-70.54
418.625	40.46
418.752	-35.54
418.88	-78.54
419.007	53.46
419.135	23.46
419.263	-81.54
419.39	-10.54
419.518	-30.54
419.645	-77.54
419.773	-79.54
419.9	-62.54
420.028	149.46
420.155	-54.54
420.283	23.46
420.41	-2.54
420.538	-79.54
420.666	-0.54
420.793	-49.54
420.921	-83.54
421.048	-36.54
421.176	13.46
421.303	-4.54
421.431	-53.54
421.558	-109.54
421.686	53.46
421.813	10.46
421.941	-35.54
422.068	-33.54
422.195	5.46
422.323	12.46
422.45	-80.54
422.578	-57.54
422.705	-5.54
422.833	-85.54
422.96	-38.54
423.088	2.46
423.215	130.46
423.343	102.46
423.47	-3.54
423.597	43.46
423.725	-22.54
423.852	2.46
423.98	15.46
424.107	-96.54
424.234	-14.54
424.362	7.46
424.489	-65.54
424.617	122.46
424.744	26.46
424.871	-84.54
424.999	8.46
425.126	51.46
425.253	9.46
425.381	-33.54
425.508	-43.54
425.636	-32.54
425.763	-57.54
425.89	-50.54
426.018	-107.54
426.145	-0.54
426.272	17.46
426.4	59.46
426.527	53.46
426.654	-95.54
426.781	-13.54
426.909	-20.54
427.036	-39.54
427.163	-91.54
427.291	-80.54
427.418	-56.54
427.545	15.46
427.673	-99.54
427.8	-77.54
427.927	-93.54
428.054	-7.54
428.182	-38.54
428.309	-37.54
428.436	-46.54
428.563	-56.54
428.691	-27.54
428.818	-79.54
428.945	25.46
429.072	-48.54
429.2	-47.54
429.327	38.46
429.454	-36.54
429.581	-4.54
429.708	-117.54
429.836	-51.54
429.963	-63.54
430.09	-64.54
430.217	-47.54
430.344	-60.54
430.472	-146.54
430.599	13.46
430.726	-54.54
430.853	-5.54
430.98	-9.54
431.107	-42.54
431.235	-61.54
431.362	-15.54
431.489	-0.54
431.616	78.46
431.743	15.46
431.87	-15.54
431.997	-24.54
432.125	18.46
432.252	-134.54
432.379	-26.54
432.506	-4.54
432.633	-22.54
432.76	-69.54
432.887	41.46
433.014	-63.54
433.141	-26.54
433.268	-8.54
433.395	-38.54
433.523	27.46
433.65	-45.54
433.777	-92.54
433.904	-29.54
434.031	-140.54
434.158	4.46
434.285	6.46
434.412	-40.54
434.539	-29.54
434.666	-99.54
434.793	-63.54
434.92	-25.54
435.047	11.46
435.174	-9.54
435.301	4.46
435.428	92.46
435.555	34.46
435.682	-32.54
435.809	-57.54
435.936	-5.54
436.063	-39.54
436.19	48.46
436.317	-90.54
436.444	24.46
436.571	-17.54
436.698	19.46
436.825	33.46
436.952	36.46
437.079	-0.54
437.206	1.46
437.333	-83.54
437.46	-26.54
437.587	-22.54
437.714	-69.54
437.84	-48.54
437.967	-91.54
438.094	-94.54
438.221	18.46
438.348	-65.54
438.475	1935.46
438.602	-93.54
438.729	-104.54
438.856	-86.54
438.983	-73.54
439.109	3.46
439.236	-5.54
439.363	-82.54
439.49	-28.54
439.617	-28.54
439.744	-46.54
439.871	96.46
439.997	-28.54
440.124	38.46
440.251	-35.54
440.378	-57.54
440.505	-37.54
440.632	24.46
440.758	86.46
440.885	40.46
441.012	-77.54
441.139	31.46
441.266	-85.54
441.392	-117.54
441.519	-48.54
441.646	-79.54
441.773	-12.54
441.9	22.46
442.026	-78.54
442.153	-30.54
442.28	-26.54
442.407	-49.54
442.533	21.46
442.66	22.46
442.787	24.46
442.914	-53.54
443.04	-30.54
443.167	-15.54
443.294	10.46
443.421	-77.54
443.547	-77.54
443.674	-13.54
443.801	7.46
443.927	-0.54
444.054	110.46
444.181	62.46
444.307	27.46
444.434	-109.54
444.561	-99.54
444.688	-79.54
444.814	70.46
444.941	-80.54
445.068	-90.54
445.194	44.46
445.321	-36.54
445.447	-23.54
445.574	-59.54
445.701	-35.54
445.827	-21.54
445.954	-100.54
446.081	-8.54
446.207	-51.54
446.334	10.46
446.461	-103.54
446.587	-147.54
446.714	-14.54
446.84	62.46
446.967	-131.54
447.094	-54.54
447.22	55.46
447.347	-54.54
447.473	-135.54
447.6	0.46
447.726	-61.54
447.853	15.46
447.98	-55.54
448.106	-35.54
448.233	-26.54
448.359	-28.54
448.486	-47.54
448.612	-59.54
448.739	-24.54
448.865	46.46
448.992	34.46
449.118	-90.54
449.245	-57.54
449.371	-23.54
449.498	-63.54
449.624	-10.54
449.751	-21.54
449.877	-35.54
450.004	-54.54
450.13	-65.54
450.257	-64.54
450.383	21.46
450.51	-147.54
450.636	-59.54
450.763	-89.54
450.889	-5.54
451.016	-159.54
451.142	-10.54
451.269	-34.54
451.395	92.46
451.521	-100.54
451.648	-75.54
451.774	15.46
451.901	-77.54
452.027	-113.54
452.154	4.46
452.28	9.46
452.406	-14.54
452.533	-139.54
452.659	-104.54
452.785	-34.54
452.912	-36.54
453.038	-104.54
453.165	-48.54
453.291	5.46
453.417	89.46
453.544	-148.54
453.67	-72.54
453.796	7.46
453.923	-134.54
454.049	-93.54
454.175	-90.54
454.302	-29.54
454.428	23.46
454.554	-55.54
454.681	-92.54
454.807	-70.54
454.933	115.46
455.06	-70.54
455.186	-77.54
455.312	49.46
455.439	61.46
455.565	-131.54
455.691	-24.54
455.817	-15.54
455.944	51.46
456.07	-92.54
456.196	5.46
456.322	-100.54
456.449	-46.54
456.575	-86.54
456.701	-66.54
456.827	-68.54
456.954	-63.54
457.08	-86.54
457.206	-91.54
457.332	-29.54
457.459	-72.54
457.585	-95.54
457.711	-96.54
457.837	34.46
457.963	-2.54
458.09	-85.54
458.216	-121.54
458.342	-31.54
458.468	-5.54
458.594	-46.54
458.721	-19.54
458.847	-5.54
458.973	-55.54
459.099	-50.54
459.225	-111.54
459.351	-21.54
459.477	9.46
459.604	-75.54
459.73	-74.54
459.856	-80.54
459.982	17.46
460.108	-125.54
460.234	-156.54
460.36	-5.54
460.486	3.46
460.613	-102.54
460.739	4.46
460.865	-56.54
460.991	115.46
461.117	-24.54
461.243	-83.54
461.369	-38.54
461.495	-55.54
461.621	-71.54
461.747	-36.54
461.873	-23.54
461.999	-61.54
462.125	-68.54
462.252	-5.54
462.378	-36.54
462.504	36.46
462.63	-86.54
462.756	-103.54
462.882	-81.54
463.008	10.46
463.134	-11.54
463.26	-82.54
463.386	-57.54
463.512	12.46
463.638	-71.54
463.764	-72.54
463.89	-20.54
464.016	30.46
464.142	-41.54
464.268	-102.54
464.394	-11.54
464.52	-99.54
464.645	-49.54
464.771	-32.54
464.897	-52.54
465.023	-4.54
465.149	-34.54
465.275	-67.54
465.401	-71.54
465.527	51.46
465.653	-97.54
465.779	-20.54
465.905	-111.54
466.031	-6.54
466.157	-109.54
466.282	-91.54
466.408	-26.54
466.534	17.46
466.66	-147.54
466.786	-50.54
466.912	-35.54
467.038	33.46
467.164	-70.54
467.289	-71.54
467.415	-7.54
467.541	17.46
467.667	-67.54
467.793	-57.54
467.919	22.46
468.045	109.46
468.17	-93.54
468.296	-54.54
468.422	-42.54
468.548	52.46
468.674	-109.54
468.799	-71.54
468.925	-38.54
469.051	-71.54
469.177	-101.54
469.303	-146.54
469.428	-3.54
469.554	-20.54
469.68	-91.54
469.806	-39.54
469.931	-15.54
470.057	73.46
470.183	-168.54
470.309	-83.54
470.434	84.46
470.56	-1.54
470.686	-27.54
470.812	-50.54
470.937	-80.54
471.063	1.46
471.189	-39.54
471.315	26.46
471.44	9.46
471.566	-27.54
471.692	-6.54
471.817	-84.54
471.943	-15.54
472.069	-3.54
472.194	-83.54
472.32	-76.54
472.446	-15.54
472.571	-19.54
472.697	-123.54
472.823	-70.54
472.948	-87.54
473.074	6.46
473.2	-74.54
473.325	-77.54
473.451	-16.54
473.577	-14.54
473.702	-146.54
473.828	-31.54
473.953	-78.54
474.079	29.46
474.205	-86.54
474.33	-80.54
474.456	-48.54
474.581	64.46
474.707	-103.54
474.833	-68.54
474.958	12.46
475.084	20.46
475.209	-68.54
475.335	-38.54
475.46	-40.54
475.586	12.46
475.712	-13.54
475.837	-2.54
475.963	2.46
476.088	-56.54
476.214	-101.54
476.339	-67.54
476.465	-37.54
476.59	-63.54
476.716	28.46
476.841	-50.54
476.967	80.46
477.092	-51.54
477.218	-40.54
477.343	-85.54
477.469	87.46
477.594	-18.54
477.72	-120.54
477.845	-32.54
477.971	-25.54
478.096	1.46
478.222	-49.54
478.347	785.46
478.472	49.46
478.598	-28.54
478.723	-66.54
478.849	-6.54
478.974	8.46
479.1	-33.54
479.225	-76.54
479.35	-109.54
479.476	1.46
479.601	-61.54
479.727	24.46
479.852	-95.54
479.977	-13.54
480.103	-20.54
480.228	44.46
480.354	-62.54
480.479	41.46
480.604	-34.54
480.73	-99.54
480.855	-128.54
480.98	54.46
481.106	-22.54
481.231	-159.54
481.356	-87.54
481.482	-125.54
481.607	-56.54
481.732	-178.54
481.858	-77.54
481.983	-21.54
482.108	-19.54
482.234	-109.54
482.359	-69.54
482.484	45.46
482.61	-80.54
482.735	-56.54
482.86	-79.54
482.985	-11.54
483.111	7.46
483.236	-33.54
483.361	-66.54
483.486	-87.54
483.612	40.46
483.737	-137.54
483.862	-29.54
483.987	-0.54
484.113	-93.54
484.238	-11.54
484.363	-101.54
484.488	-61.54
484.614	-5.54
484.739	-62.54
484.864	34.46
484.989	144.46
485.114	-3.54
485.24	-52.54
485.365	-52.54
485.49	-120.54
485.615	-4.54
485.74	-28.54
485.865	-15.54
485.991	33.46
486.116	60.46
486.241	-99.54
486.366	-126.54
486.491	11.46
486.616	-23.54
486.742	-107.54
486.867	-32.54
486.992	-81.54
487.117	-52.54
487.242	-131.54
487.367	-157.54
487.492	-5.54
487.617	36.46
487.742	-74.54
487.868	-69.54
487.993	3.46
488.118	45.46
488.243	-24.54
488.368	-89.54
488.493	-95.54
488.618	-53.54
488.743	-86.54
488.868	-73.54
488.993	-41.54
489.118	53.46
489.243	-57.54
489.368	-108.54
489.493	26.46
489.618	-37.54
489.743	-49.54
489.868	-60.54
489.993	0.46
490.118	-97.54
490.243	107.46
490.368	-61.54
490.493	20.46
490.618	19.46
490.743	-92.54
490.868	-4.54
490.993	6.46
491.118	21.46
491.243	-78.54
491.368	-31.54
491.493	15.46
491.618	7.46
491.743	-72.54
491.868	-35.54
491.993	-99.54
492.118	-24.54
492.243	-46.54
492.368	-5.54
492.493	-53.54
492.618	62.46
492.743	-84.54
492.867	28.46
492.992	6.46
493.117	28.46
493.242	-70.54
493.367	0.46
493.492	9.46
493.617	-26.54
493.742	25.46
493.867	-62.54
493.991	-49.54
494.116	7.46
494.241	-55.54
494.366	-40.54
494.491	-14.54
494.616	62.46
494.74	-98.54
494.865	-105.54
494.99	-6.54
495.115	-21.54
495.24	-4.54
495.365	-81.54
495.489	-10.54
495.614	-1.54
495.739	-57.54
495.864	-29.54
495.989	-108.54
496.113	23.46
496.238	-48.54
496.363	-67.54
496.488	-72.54
496.612	59.46
496.737	-84.54
496.862	-50.54
496.987	-40.54
497.111	-43.54
497.236	-83.54
497.361	-56.54
497.486	37.46
497.61	60.46
497.735	-69.54
497.86	21.46
497.984	39.46
498.109	-61.54
498.234	-102.54
498.359	-5.54
498.483	-7.54
498.608	40.46
498.733	-40.54
498.857	-30.54
498.982	79.46
499.107	49.46
499.231	310.46
499.356	1325.46
499.481	3806.46
499.605	6261.46
499.73	8350.46
499.855	9948.46
499.979	10946.46
500.104	11711.46
500.228	12515.46
500.353	12165.46
500.478	9980.46
500.602	6068.46
500.727	3166.46
500.852	1259.46
500.976	323.46
501.101	165.46
501.225	143.46
501.35	55.46
501.474	2.46
501.599	104.46
501.724	9.46
501.848	14.46
501.973	95.46
502.097	-37.54
502.222	-51.54
502.346	-5.54
502.471	-60.54
502.595	-14.54
502.72	-75.54
502.844	-67.54
502.969	-1.54
503.094	51.46
503.218	-113.54
503.343	-42.54
503.467	-59.54
503.592	-12.54
503.716	-62.54
503.841	3.46
503.965	90.46
504.089	11.46
504.214	-58.54
504.338	-43.54
504.463	47.46
504.587	52.46
504.712	-57.54
504.836	-28.54
504.961	70.46
505.085	70.46
505.21	-41.54
505.334	-26.54
505.458	84.46
505.583	-73.54
505.707	-48.54
505.832	-44.54
505.956	7.46
506.08	-32.54
506.205	-82.54
506.329	80.46
506.454	-122.54
506.578	-32.54
506.702	-80.54
506.827	27.46
506.951	-4.54
507.076	-13.54
507.2	-96.54
507.324	24.46
507.449	62.46
507.573	-46.54
507.697	-54.54
507.822	-52.54
507.946	2.46
508.07	-103.54
508.195	-70.54
508.319	-55.54
508.443	-12.54
508.567	-101.54
508.692	-93.54
508.816	-104.54
508.94	0.46
509.065	-120.54
509.189	8.46
509.313	-17.54
509.437	42.46
509.562	-76.54
509.686	-86.54
509.81	-84.54
509.935	-30.54
510.059	77.46
510.183	-102.54
510.307	-69.54
510.431	13.46
510.556	-33.54
510.68	-50.54
510.804	-95.54
510.928	-31.54
511.053	-91.54
511.177	-98.54
511.301	-26.54
511.425	-32.54
511.549	-17.54
511.674	-36.54
511.798	-34.54
511.922	-26.54
512.046	70.46
512.17	-53.54
512.294	-46.54
512.419	7.46
512.543	35.46
512.667	-39.54
512.791	-49.54
512.915	-12.54
513.039	-43.54
513.163	-31.54
513.288	9.46
513.412	-47.54
513.536	52.46
513.66	-66.54
513.784	-40.54
513.908	2.46
514.032	-7.54
514.156	-30.54
514.28	65.46
514.404	-2.54
514.528	-22.54
514.653	-37.54
514.777	8.46
514.901	5.46
515.025	62.46
515.149	-39.54
515.273	-8.54
515.397	-14.54
515.521	-0.54
515.645	-74.54
515.769	-74.54
515.893	-58.54
516.017	-38.54
516.141	-106.54
516.265	-25.54
516.389	-29.54
516.513	-21.54
516.637	-85.54
516.761	-115.54
516.885	-18.54
517.009	-65.54
517.133	-94.54
517.257	-54.54
517.381	33.46
517.505	23.46
517.629	-1.54
517.753	-23.54
517.877	-58.54
518.001	2.46
518.125	-74.54
518.248	-11.54
518.372	-3.54
518.496	-42.54
518.62	-47.54
518.744	-36.54
518.868	26.46
518.992	8.46
519.116	-93.54
519.24	104.46
519.364	41.46
519.488	-79.54
519.611	-144.54
519.735	-24.54
519.859	-1.54
519.983	69.46
520.107	-113.54
520.231	43.46
520.355	-5.54
520.478	15.46
520.602	-65.54
520.726	36.46
520.85	-47.54
520.974	14.46
521.098	-106.54
521.221	-60.54
521.345	33.46
521.469	-30.54
521.593	-70.54
521.717	-5.54
521.84	-0.54
521.964	-25.54
522.088	-46.54
522.212	17.46
522.335	-108.54
522.459	-5.54
522.583	34.46
522.707	-115.54
522.83	-34.54
522.954	-89.54
523.078	-90.54
523.202	11.46
523.325	-14.54
523.449	-10.54
523.573	-70.54
523.697	-59.54
523.82	-55.54
523.944	20.46
524.068	-46.54
524.191	-38.54
524.315	-86.54
524.439	-19.54
524.562	-30.54
524.686	-36.54
524.81	-74.54
524.933	-9.54
525.057	-35.54
525.181	-29.54
525.304	-94.54
525.428	86.46
525.552	-109.54
525.675	-5.54
525.799	-46.54
525.923	-11.54
526.046	-38.54
526.17	-118.54
526.293	-44.54
526.417	29.46
526.541	28.46
526.664	-60.54
526.788	-47.54
526.911	43.46
527.035	-105.54
527.159	-60.54
527.282	-36.54
527.406	-47.54
527.529	-5.54
527.653	-111.54
527.776	10.46
527.9	-9.54
528.024	-52.54
528.147	-35.54
528.271	46.46
528.394	64.46
528.518	62.46
528.641	-88.54
528.765	-1.54
528.888	8.46
529.012	-35.54
529.135	-80.54
529.259	65.46
529.382	11.46
529.506	-53.54
529.629	-21.54
529.753	-93.54
529.876	14.46
530	-9.54
530.123	-51.54
530.247	-40.54
530.37	-31.54
530.493	-23.54
530.617	-52.54
530.74	9.46
530.864	63.46
530.987	-92.54
531.111	-3.54
531.234	-41.54
531.357	30.46
531.481	5.46
531.604	39.46
531.728	-45.54
531.851	36.46
531.974	-16.54
532.098	-50.54
532.221	-21.54
532.345	-3.54
532.468	-127.54
532.591	58.46
532.715	-1.54
532.838	-99.54
532.961	-56.54
533.085	-53.54
533.208	18.46
533.331	-39.54
533.455	-47.54
533.578	-25.54
533.701	-21.54
533.825	93.46
533.948	-78.54
534.071	-29.54
534.195	-24.54
534.318	-46.54
534.441	-110.54
534.564	16.46
534.688	-17.54
534.811	42.46
534.934	-24.54
535.058	-1.54
535.181	35.46
535.304	63.46
535.427	-45.54
535.551	-103.54
535.674	-95.54
535.797	43.46
535.92	9.46
536.043	-72.54
536.167	-46.54
536.29	-7.54
536.413	-31.54
536.536	-80.54
536.66	-39.54
536.783	48.46
536.906	-43.54
537.029	-70.54
537.152	-28.54
537.275	-33.54
537.399	45.46
537.522	-89.54
537.645	-18.54
537.768	-0.54
537.891	-48.54
538.014	-12.54
538.138	-61.54
538.261	-31.54
538.384	-10.54
538.507	-107.54
538.63	1.46
538.753	69.46
538.876	-6.54
538.999	-65.54
539.123	-30.54
539.246	123.46
539.369	75.46
539.492	-48.54
539.615	-35.54
539.738	52.46
539.861	-35.54
539.984	-45.54
540.107	-1.54
540.23	-20.54
540.353	-75.54
540.476	-127.54
540.599	-24.54
540.722	-104.54
540.846	-34.54
540.969	-125.54
541.092	-33.54
541.215	-48.54
541.338	-49.54
541.461	-91.54
541.584	5.46
541.707	-30.54
541.83	-71.54
541.953	-41.54
542.076	25.46
542.199	17.46
542.322	39.46
542.445	33.46
542.567	-76.54
542.69	-13.54
542.813	-119.54
542.936	-5.54
543.059	-5.54
543.182	122.46
543.305	-0.54
543.428	-15.54
543.551	-3.54
543.674	107.46
543.797	-21.54
543.92	-27.54
544.043	128.46
544.166	-40.54
544.288	-28.54
544.411	-26.54
544.534	-50.54
544.657	-72.54
544.78	-78.54
544.903	-36.54
545.026	27.46
545.149	-23.54
545.271	-88.54
545.394	-17.54
545.517	-72.54
545.64	121.46
545.763	-54.54
545.886	-61.54
546.008	15.46
546.131	50.46
546.254	-14.54
546.377	-94.54
546.5	68.46
546.623	61.46
546.745	-72.54
546.868	-84.54
546.991	67.46
547.114	8.46
547.236	-73.54
547.359	-70.54
547.482	28.46
547.605	-11.54
547.728	-61.54
547.85	-78.54
547.973	-71.54
548.096	32.46
548.219	-33.54
548.341	-70.54
548.464	-28.54
548.587	0.46
548.709	-44.54
548.832	-36.54
548.955	86.46
549.078	26.46
549.2	-88.54
549.323	-61.54
549.446	170.46
549.568	16.46
549.691	-29.54
549.814	2.46
549.936	-58.54
550.059	-6.54
550.182	-89.54
550.304	-84.54
550.427	-26.54
550.55	-19.54
550.672	-104.54
550.795	77.46
550.917	-45.54
551.04	27.46
551.163	-22.54
551.285	-44.54
551.408	22.46
551.531	140.46
551.653	-110.54
551.776	-27.54
551.898	25.46
552.021	13.46
552.143	-54.54
552.266	-51.54
552.389	24.46
552.511	-50.54
552.634	-106.54
552.756	-58.54
552.879	98.46
553.001	43.46
553.124	-134.54
553.246	-80.54
553.369	32.46
553.492	14.46
553.614	2.46
553.737	-130.54
553.859	52.46
553.982	37.46
554.104	-51.54
554.227	-81.54
554.349	14.46
554.472	-0.54
554.594	-141.54
554.716	28.46
554.839	28.46
554.961	10.46
555.084	-132.54
555.206	-7.54
555.329	-47.54
555.451	-71.54
555.574	-25.54
555.696	-63.54
555.819	-15.54
555.941	-37.54
556.063	-16.54
556.186	-58.54
556.308	12.46
556.431	131.46
556.553	-33.54
556.675	-75.54
556.798	-6.54
556.92	40.46
557.043	-103.54
557.165	-132.54
557.287	65.46
557.41	-0.54
557.532	-46.54
557.654	-47.54
557.777	63.46
557.899	9.46
558.021	-25.54
558.144	14.46
558.266	38.46
558.388	140.46
558.511	-111.54
558.633	-13.54
558.755	-25.54
558.878	-15.54
559	18.46
559.122	-116.54
559.244	-93.54
559.367	47.46
559.489	-29.54
559.611	35.46
559.734	12.46
559.856	18.46
559.978	-56.54
560.1	-43.54
560.223	-7.54
560.345	91.46
560.467	-94.54
560.589	-21.54
560.712	27.46
560.834	103.46
560.956	-73.54
561.078	-81.54
561.2	39.46
561.323	41.46
561.445	-119.54
561.567	-93.54
561.689	-54.54
561.811	71.46
561.934	-88.54
562.056	-5.54
562.178	35.46
562.3	21.46
562.422	-0.54
562.544	-48.54
562.666	102.46
562.789	24.46
562.911	-71.54
563.033	-32.54
563.155	73.46
563.277	-13.54
563.399	-164.54
563.521	-84.54
563.643	-28.54
563.766	22.46
563.888	-26.54
564.01	-35.54
564.132	-30.54
564.254	-87.54
564.376	5.46
564.498	-53.54
564.62	108.46
564.742	55.46
564.864	-149.54
564.986	-23.54
565.108	110.46
565.23	-52.54
565.352	-15.54
565.474	-27.54
565.597	90.46
565.719	39.46
565.841	-89.54
565.963	-42.54
566.085	34.46
566.207	-29.54
566.329	-9.54
566.451	1.46
566.573	0.46
566.695	44.46
566.817	0.46
566.938	-86.54
567.06	-17.54
567.182	16.46
567.304	-72.54
567.426	-121.54
567.548	23.46
567.67	-32.54
567.792	-40.54
567.914	-53.54
568.036	49.46
568.158	-72.54
568.28	-90.54
568.402	11.46
568.524	-8.54
568.646	-37.54
568.767	-75.54
568.889	12.46
569.011	30.46
569.133	-18.54
569.255	-101.54
569.377	-75.54
569.499	10.46
569.621	35.46
569.742	-2.54
569.864	42.46
569.986	113.46
570.108	76.46
570.23	-111.54
570.352	6.46
570.473	31.46
570.595	-2.54
570.717	-101.54
570.839	-71.54
570.961	28.46
571.082	-14.54
571.204	-95.54
571.326	-39.54
571.448	77.46
571.57	48.46
571.691	-48.54
571.813	-37.54
571.935	68.46
572.057	16.46
572.178	-57.54
572.3	20.46
572.422	44.46
572.544	139.46
572.665	-90.54
572.787	-72.54
572.909	71.46
573.031	68.46
573.152	-108.54
573.274	-9.54
573.396	71.46
573.517	8.46
573.639	-169.54
573.761	-69.54
573.882	-0.54
574.004	95.46
574.126	-127.54
574.247	-19.54
574.369	27.46
574.491	8.46
574.612	-105.54
574.734	-41.54
574.856	-15.54
574.977	45.46
575.099	-79.54
575.221	-47.54
575.342	38.46
575.464	19.46
575.585	-64.54
575.707	-64.54
575.829	76.46
575.95	42.46
576.072	-55.54
576.193	-75.54
576.315	9.46
576.437	0.46
576.558	-83.54
576.68	-58.54
576.801	151.46
576.923	-4.54
577.044	32.46
577.166	-135.54
577.287	43.46
577.409	14.46
577.531	-75.54
577.652	-61.54
577.774	-85.54
577.895	45.46
578.017	-86.54
578.138	-45.54
578.26	38.46
578.381	35.46
578.503	-79.54
578.624	-81.54
578.746	-39.54
578.867	-16.54
578.988	-70.54
579.11	31.46
579.231	27.46
579.353	50.46
579.474	-84.54
579.596	-65.54
579.717	48.46
579.839	40.46
579.96	-181.54
580.081	-17.54
580.203	4.46
580.324	47.46
580.446	-21.54
580.567	-61.54
580.688	135.46
580.81	-15.54
580.931	-52.54
581.053	-96.54
581.174	-3.54
581.295	37.46
581.417	-44.54
581.538	-18.54
581.659	28.46
581.781	13.46
581.902	-112.54
582.024	-104.54
582.145	-100.54
582.266	-1.54
582.388	-84.54
582.509	-94.54
582.63	9.46
582.751	-21.54
582.873	-98.54
582.994	-25.54
583.115	50.46
583.237	88.46
583.358	-91.54
583.479	-114.54
583.6	99.46
583.722	14.46
583.843	-119.54
583.964	17.46
584.086	-25.54
584.207	62.46
584.328	-91.54
584.449	-40.54
584.57	15.46
584.692	45.46
584.813	197.46
584.934	-11.54
585.055	-29.54
585.177	47.46
585.298	-31.54
585.419	-86.54
585.54	102.46
585.661	44.46
585.783	-62.54
585.904	-91.54
586.025	69.46
586.146	18.46
586.267	-117.54
586.388	-3.54
586.51	120.46
586.631	6.46
586.752	-151.54
586.873	-74.54
586.994	-57.54
587.115	-30.54
587.236	-110.54
587.357	-109.54
587.479	-46.54
587.6	-17.54
587.721	-127.54
587.842	-83.54
587.963	64.46
588.084	126.46
588.205	-70.54
588.326	-82.54
588.447	30.46
588.568	49.46
588.689	-43.54
588.81	-10.54
588.931	10.46
589.052	13.46
589.174	-97.54
589.295	-20.54
589.416	30.46
589.537	68.46
589.658	-62.54
589.779	-71.54
589.9	48.46
590.021	58.46
590.142	-48.54
590.263	-172.54
590.384	40.46
590.505	70.46
590.626	-73.54
590.747	-44.54
590.867	73.46
590.988	68.46
591.109	-66.54
591.23	-42.54
591.351	55.46
591.472	86.46
591.593	-67.54
591.714	-24.54
591.835	-15.54
591.956	28.46
592.077	-82.54
592.198	-19.54
592.319	41.46
592.44	53.46
592.56	-71.54
592.681	-112.54
592.802	-43.54
592.923	14.46
593.044	-113.54
593.165	-108.54
593.286	69.46
593.407	3.46
593.527	-5.54
593.648	-93.54
593.769	9.46
593.89	50.46
594.011	-23.54
594.132	-86.54
594.252	-76.54
594.373	3.46
594.494	-117.54
594.615	-68.54
594.736	15.46
594.856	27.46
594.977	-99.54
595.098	-12.54
595.219	-37.54
595.34	34.46
595.46	-140.54
595.581	49.46
595.702	17.46
595.823	-77.54
595.943	-82.54
596.064	-55.54
596.185	89.46
596.306	-89.54
596.426	-76.54
596.547	-99.54
596.668	65.46
596.788	96.46
596.909	-78.54
597.03	-37.54
597.151	22.46
597.271	-13.54
597.392	-65.54
597.513	-21.54
597.633	43.46
597.754	37.46
597.875	-97.54
597.995	55.46
598.116	25.46
598.237	-6.54
598.357	-98.54
598.478	-70.54
598.599	138.46
598.719	11.46
598.84	-118.54
598.96	-68.54
599.081	22.46
599.202	9.46
599.322	-81.54
599.443	-102.54
599.563	51.46
599.684	99.46
599.805	-88.54
599.925	-105.54
600.046	60.46
600.166	1.46
600.287	-46.54
600.407	-49.54
600.528	3.46
600.649	28.46
600.769	-80.54
600.89	-96.54
601.01	41.46
601.131	44.46
601.251	-11.54
601.372	-79.54
601.492	-147.54
601.613	-23.54
601.733	-67.54
601.854	115.46
601.974	158.46
602.095	105.46
602.215	-77.54
602.336	-100.54
602.456	111.46
602.577	-11.54
602.697	140.46
602.817	-15.54
602.938	26.46
603.058	54.46
603.179	-123.54
603.299	-71.54
603.42	-13.54
603.54	25.46
603.66	-78.54
603.781	-83.54
603.901	-30.54
604.022	91.46
604.142	-81.54
604.262	-29.54
604.383	-6.54
604.503	33.46
604.624	-64.54
604.744	-32.54
604.864	35.46
604.985	6.46
605.105	-25.54
605.225	-60.54
605.346	35.46
605.466	101.46
605.586	8.46
605.707	83.46
605.827	-44.54
605.947	-2.54
606.068	-72.54
606.188	-53.54
606.308	-23.54
606.429	126.46
606.549	-97.54
606.669	-84.54
606.789	-22.54
606.91	56.46
607.03	-53.54
607.15	-49.54
607.27	3.46
607.391	76.46
607.511	-94.54
607.631	-59.54
607.751	140.46
607.872	39.46
607.992	-135.54
608.112	7.46
608.232	-31.54
608.353	-36.54
608.473	-35.54
608.593	30.46
608.713	64.46
608.833	62.46
608.954	-65.54
609.074	-69.54
609.194	-26.54
609.314	86.46
609.434	-10.54
609.554	-42.54
609.675	116.46
609.795	39.46
609.915	-90.54
610.035	49.46
610.155	47.46
610.275	26.46
610.395	-3.54
610.516	-77.54
610.636	-1.54
610.756	-1.54
610.876	3.46
610.996	-78.54
611.116	51.46
611.236	-159.54
611.356	-97.54
611.476	-36.54
611.596	-12.54
611.716	54.46
611.836	-112.54
611.957	-94.54
612.077	-42.54
612.197	40.46
612.317	-99.54
612.437	10.46
612.557	58.46
612.677	-2.54
612.797	-69.54
612.917	-49.54
613.037	30.46
613.157	9.46
613.277	-49.54
613.397	27.46
613.517	71.46
613.637	45.46
613.757	-48.54
613.877	-81.54
613.997	105.46
614.117	13.46
614.237	-71.54
614.356	-32.54
614.476	86.46
614.596	98.46
614.716	-82.54
614.836	-31.54
614.956	38.46
615.076	76.46
615.196	-107.54
615.316	-62.54
615.436	30.46
615.556	139.46
615.676	30.46
615.795	-36.54
615.915	6.46
616.035	-29.54
616.155	-53.54
616.275	-102.54
616.395	-15.54
616.515	42.46
616.635	-87.54
616.754	-126.54
616.874	40.46
616.994	9.46
617.114	11.46
617.234	17.46
617.354	24.46
617.473	190.46
617.593	-89.54
617.713	-65.54
617.833	32.46
617.953	37.46
618.072	-138.54
618.192	-52.54
618.312	56.46
618.432	134.46
618.551	-118.54
618.671	-60.54
618.791	70.46
618.911	50.46
619.03	-62.54
619.15	-32.54
619.27	-0.54
619.39	-10.54
619.509	-80.54
619.629	-42.54
619.749	-42.54
619.868	54.46
619.988	-150.54
620.108	-47.54
620.228	268.46
620.347	30.46
620.467	-64.54
620.587	-84.54
620.706	77.46
620.826	14.46
620.946	-67.54
621.065	25.46
621.185	103.46
621.305	-15.54
621.424	-70.54
621.544	-142.54
621.663	105.46
621.783	32.46
621.903	40.46
622.022	-65.54
622.142	5.46
622.261	89.46
622.381	-27.54
622.501	2.46
622.62	27.46
622.74	3.46
622.859	-88.54
622.979	17.46
623.099	-5.54
623.218	70.46
623.338	-14.54
623.457	-9.54
623.577	21.46
623.696	50.46
623.816	-100.54
623.935	-83.54
624.055	6.46
624.174	76.46
624.294	-83.54
624.413	-97.54
624.533	96.46
624.652	-6.54
624.772	-88.54
624.891	-153.54
625.011	67.46
625.13	32.46
625.25	-110.54
625.369	-81.54
625.489	42.46
625.608	-22.54
625.728	-56.54
625.847	-61.54
625.966	14.46
626.086	-29.54
626.205	-90.54
626.325	-31.54
626.444	-59.54
626.564	150.46
626.683	-22.54
626.802	27.46
626.922	138.46
627.041	67.46
627.161	-70.54
627.28	8.46
627.399	27.46
627.519	45.46
627.638	-132.54
627.757	-96.54
627.877	28.46
627.996	46.46
628.115	-39.54
628.235	12.46
628.354	-54.54
628.473	37.46
628.593	-49.54
628.712	-11.54
628.831	26.46
628.951	-40.54
629.07	14.46
629.189	-42.54
629.309	24.46
629.428	138.46
629.547	-105.54
629.666	4.46
629.786	73.46
629.905	-68.54
630.024	10.46
630.143	-45.54
630.263	-3.54
630.382	89.46
630.501	-126.54
630.62	-76.54
630.74	-42.54
630.859	63.46
630.978	-67.54
631.097	-125.54
631.216	23.46
631.336	189.46
631.455	-74.54
631.574	-66.54
631.693	40.46
631.812	36.46
631.932	-153.54
632.051	-10.54
632.17	117.46
632.289	85.46
632.408	-92.54
632.527	-106.54
632.646	53.46
632.766	21.46
632.885	31.46
633.004	-128.54
633.123	-11.54
633.242	31.46
633.361	136.46
633.48	-80.54
633.599	2.46
633.718	99.46
633.838	-65.54
633.957	-97.54
634.076	35.46
634.195	63.46
634.314	-39.54
634.433	-41.54
634.552	28.46
634.671	16.46
634.79	22.46
634.909	17.46
635.028	-6.54
635.147	100.46
635.266	-92.54
635.385	-22.54
635.504	-19.54
635.623	89.46
635.742	-106.54
635.861	-125.54
635.98	72.46
636.099	41.46
636.218	-92.54
636.337	-60.54
636.456	144.46
636.575	47.46
636.694	-60.54
636.813	-148.54
636.932	-70.54
637.051	56.46
637.17	-157.54
637.289	-72.54
637.408	-59.54
637.526	96.46
637.645	-178.54
637.764	-117.54
637.883	-11.54
638.002	127.46
638.121	49.46
638.24	-41.54
638.359	114.46
638.478	5.46
638.597	-100.54
638.715	66.46
638.834	21.46
638.953	91.46
639.072	-84.54
639.191	-115.54
639.31	77.46
639.428	88.46
639.547	-63.54
639.666	7.46
639.785	29.46
639.904	63.46
640.023	-104.54
640.141	-117.54
640.26	73.46
640.379	-4.54
640.498	-161.54
640.616	-62.54
640.735	34.46
640.854	130.46
640.973	-87.54
641.092	-8.54
641.21	23.46
641.329	78.46
641.448	-23.54
641.567	51.46
641.685	-14.54
641.804	57.46
641.923	-75.54
642.041	-96.54
642.16	60.46
642.279	132.46
642.398	-77.54
642.516	-114.54
642.635	74.46
642.754	66.46
642.872	-35.54
642.991	-38.54
643.11	-9.54
643.228	15.46
643.347	-179.54
643.466	-104.54
643.584	4.46
643.703	169.46
643.821	-86.54
643.94	-45.54
644.059	101.46
644.177	89.46
644.296	-97.54
644.415	-80.54
644.533	63.46
644.652	33.46
644.77	-147.54
644.889	-130.54
645.008	140.46
645.126	-3.54
645.245	-2.54
645.363	-29.54
645.482	4.46
645.6	14.46
645.719	-91.54
645.837	-85.54
645.956	68.46
646.074	34.46
646.193	-80.54
646.312	-30.54
646.43	88.46
646.549	167.46
646.667	-180.54
646.786	-116.54
646.904	76.46
647.023	90.46
647.141	-130.54
647.26	-37.54
647.378	186.46
647.496	62.46
647.615	-110.54
647.733	-41.54
647.852	158.46
647.97	73.46
648.089	-12.54
648.207	-31.54
648.326	116.46
648.444	14.46
648.562	-88.54
648.681	-60.54
648.799	46.46
648.918	94.46
649.036	-78.54
649.154	-109.54
649.273	112.46
649.391	73.46
649.51	-107.54
649.628	-126.54
649.746	174.46
649.865	58.46
649.983	-93.54
650.101	-71.54
650.22	63.46
650.338	62.46
650.456	-110.54
650.575	-94.54
650.693	-7.54
650.811	87.46
650.93	-112.54
651.048	222.46
651.166	163.46
651.285	46.46
651.403	-32.54
651.521	-22.54
651.639	85.46
651.758	102.46
651.876	-2.54
651.994	-109.54
652.112	12.46
652.231	87.46
652.349	-88.54
652.467	-152.54
652.585	56.46
652.704	82.46
652.822	-124.54
652.94	-108.54
653.058	48.46
653.176	29.46
653.295	-72.54
653.413	-69.54
653.531	-8.54
653.649	70.46
653.767	-100.54
653.886	-140.54
654.004	-120.54
654.122	55.46
654.24	-117.54
654.358	-147.54
654.476	-17.54
654.594	106.46
654.713	-71.54
654.831	-128.54
654.949	19.46
655.067	42.46
655.185	-94.54
655.303	-57.54
655.421	51.46
655.539	134.46
655.658	-51.54
655.776	-86.54
655.894	86.46
656.012	54.46
656.13	-172.54
656.248	-89.54
656.366	7.46
656.484	12.46
656.602	-113.54
656.72	-100.54
656.838	37.46
656.956	51.46
657.074	-88.54
657.192	-77.54
657.31	-30.54
657.428	39.46
657.546	-101.54
657.664	-37.54
657.782	96.46
657.9	84.46
658.018	-110.54
658.136	-96.54
658.254	70.46
658.372	106.46
658.49	-93.54
658.608	-81.54
658.726	79.46
658.844	46.46
658.962	-119.54
659.08	-129.54
659.198	80.46
659.316	102.46
