Data from 600_HR4D30811__0__00.txt Node

197.25	-791.62
197.385	-791.62
197.519	-791.62
197.653	-720.62
197.787	44.38
197.922	-53.62
198.056	-12.62
198.19	-0.62
198.324	-16.62
198.459	-64.62
198.593	98.38
198.727	42.38
198.861	-42.62
198.996	51.38
199.13	-43.62
199.264	-20.62
199.398	-31.62
199.533	94.38
199.667	34.38
199.801	25.38
199.935	-75.62
200.07	43.38
200.204	-19.62
200.338	-34.62
200.472	-51.62
200.606	-94.62
200.741	-4.62
200.875	10.38
201.009	-20.62
201.143	-23.62
201.277	26.38
201.412	93.38
201.546	61.38
201.68	51.38
201.814	10.38
201.948	54.38
202.082	-17.62
202.217	-67.62
202.351	-10.62
202.485	10.38
202.619	-85.62
202.753	-85.62
202.887	93.38
203.021	38.38
203.156	63.38
203.29	21.38
203.424	30.38
203.558	-27.62
203.692	6.38
203.826	-73.62
203.96	24.38
204.094	72.38
204.229	-30.62
204.363	-18.62
204.497	-90.62
204.631	-99.62
204.765	-68.62
204.899	-67.62
205.033	-31.62
205.167	-36.62
205.301	18.38
205.435	-52.62
205.569	-1.62
205.704	12.38
205.838	-54.62
205.972	2.38
206.106	143.38
206.24	-56.62
206.374	-41.62
206.508	30.38
206.642	30.38
206.776	38.38
206.91	54.38
207.044	37.38
207.178	46.38
207.312	29.38
207.446	-45.62
207.58	-42.62
207.714	-14.62
207.848	57.38
207.982	-96.62
208.116	-9.62
208.25	-53.62
208.384	-34.62
208.518	-45.62
208.652	-21.62
208.786	-39.62
208.92	77.38
209.054	-12.62
209.188	-74.62
209.322	-18.62
209.456	-22.62
209.59	-102.62
209.724	13.38
209.858	25.38
209.992	-10.62
210.126	-23.62
210.26	-38.62
210.394	-3.62
210.528	36.38
210.662	-80.62
210.796	-25.62
210.929	71.38
211.063	15.38
211.197	-22.62
211.331	11.38
211.465	-34.62
211.599	48.38
211.733	21.38
211.867	-75.62
212.001	-27.62
212.135	47.38
212.269	-90.62
212.402	-65.62
212.536	47.38
212.67	-40.62
212.804	-68.62
212.938	33.38
213.072	-35.62
213.206	14.38
213.34	-23.62
213.473	-10.62
213.607	-35.62
213.741	-18.62
213.875	-85.62
214.009	-41.62
214.143	5.38
214.277	-4.62
214.41	-94.62
214.544	99.38
214.678	49.38
214.812	73.38
214.946	-46.62
215.08	-76.62
215.213	-46.62
215.347	20.38
215.481	5.38
215.615	-120.62
215.749	-27.62
215.882	-20.62
216.016	-89.62
216.15	22.38
216.284	54.38
216.418	30.38
216.551	37.38
216.685	20.38
216.819	-67.62
216.953	-22.62
217.086	43.38
217.22	-50.62
217.354	-18.62
217.488	39.38
217.621	2.38
217.755	-22.62
217.889	-10.62
218.023	53.38
218.156	28.38
218.29	13.38
218.424	83.38
218.558	-75.62
218.691	-123.62
218.825	-4.62
218.959	69.38
219.092	-1.62
219.226	-135.62
219.36	-62.62
219.494	51.38
219.627	-0.62
219.761	-47.62
219.895	-41.62
220.028	-66.62
220.162	211.38
220.296	51.38
220.429	-34.62
220.563	3.38
220.697	29.38
220.83	-73.62
220.964	-35.62
221.098	-71.62
221.231	-59.62
221.365	5.38
221.499	-11.62
221.632	-64.62
221.766	50.38
221.9	-25.62
222.033	-93.62
222.167	24.38
222.3	-35.62
222.434	-25.62
222.568	71.38
222.701	-33.62
222.835	14.38
222.968	-59.62
223.102	-7.62
223.236	-44.62
223.369	52.38
223.503	-59.62
223.636	-29.62
223.77	-0.62
223.904	34.38
224.037	-42.62
224.171	6.38
224.304	25.38
224.438	-12.62
224.571	-2.62
224.705	41.38
224.839	-20.62
224.972	-48.62
225.106	-36.62
225.239	-35.62
225.373	31.38
225.506	38.38
225.64	-11.62
225.773	-18.62
225.907	-56.62
226.04	-56.62
226.174	-45.62
226.307	9.38
226.441	-46.62
226.575	85.38
226.708	8.38
226.842	-71.62
226.975	5.38
227.109	-30.62
227.242	-18.62
227.375	14.38
227.509	8.38
227.642	19.38
227.776	20.38
227.909	62.38
228.043	-69.62
228.176	103.38
228.31	-66.62
228.443	114.38
228.577	-3.62
228.71	31.38
228.844	-17.62
228.977	-82.62
229.111	-16.62
229.244	97.38
229.377	-113.62
229.511	15.38
229.644	-34.62
229.778	-40.62
229.911	-48.62
230.044	-41.62
230.178	-17.62
230.311	-0.62
230.445	-20.62
230.578	-9.62
230.711	6.38
230.845	123.38
230.978	27.38
231.112	-71.62
231.245	-29.62
231.378	-36.62
231.512	7.38
231.645	-87.62
231.779	-113.62
231.912	-14.62
232.045	22.38
232.179	-54.62
232.312	-51.62
232.445	36.38
232.579	49.38
232.712	47.38
232.845	5.38
232.979	-99.62
233.112	-3.62
233.245	17.38
233.379	-33.62
233.512	-5.62
233.645	-43.62
233.779	-44.62
233.912	70.38
234.045	-20.62
234.179	-12.62
234.312	-18.62
234.445	22.38
234.578	57.38
234.712	36.38
234.845	38.38
234.978	-56.62
235.112	40.38
235.245	14.38
235.378	12.38
235.511	-15.62
235.645	56.38
235.778	7.38
235.911	-16.62
236.044	-38.62
236.178	72.38
236.311	-88.62
236.444	-41.62
236.577	-65.62
236.711	30.38
236.844	-139.62
236.977	-16.62
237.11	-75.62
237.243	39.38
237.377	-73.62
237.51	-66.62
237.643	271.38
237.776	-12.62
237.909	-23.62
238.043	47.38
238.176	-23.62
238.309	-2.62
238.442	-93.62
238.575	-26.62
238.709	147.38
238.842	55.38
238.975	-7.62
239.108	81.38
239.241	-76.62
239.374	9.38
239.508	-71.62
239.641	41.38
239.774	84.38
239.907	32.38
240.04	-77.62
240.173	20.38
240.306	22.38
240.44	-10.62
240.573	23.38
240.706	-13.62
240.839	16.38
240.972	-22.62
241.105	-13.62
241.238	-3.62
241.371	13.38
241.504	45.38
241.638	-35.62
241.771	4.38
241.904	-39.62
242.037	2.38
242.17	-35.62
242.303	-75.62
242.436	11.38
242.569	-4.62
242.702	-50.62
242.835	-16.62
242.968	2.38
243.101	20.38
243.234	-80.62
243.367	-57.62
243.5	-10.62
243.634	-29.62
243.767	-92.62
243.9	-52.62
244.033	-19.62
244.166	57.38
244.299	-98.62
244.432	-84.62
244.565	21.38
244.698	-69.62
244.831	-14.62
244.964	-30.62
245.097	-49.62
245.23	60.38
245.363	-8.62
245.496	-67.62
245.629	-51.62
245.762	134.38
245.895	-70.62
246.028	-49.62
246.161	85.38
246.294	15.38
246.427	-46.62
246.559	1.38
246.692	1.38
246.825	11.38
246.958	-58.62
247.091	-19.62
247.224	-40.62
247.357	-4.62
247.49	82.38
247.623	-11.62
247.756	-89.62
247.889	77.38
248.022	6.38
248.155	-54.62
248.288	-15.62
248.421	-38.62
248.553	23.38
248.686	-34.62
248.819	25.38
248.952	-15.62
249.085	74.38
249.218	26.38
249.351	-3.62
249.484	103.38
249.617	-19.62
249.749	-70.62
249.882	-10.62
250.015	-44.62
250.148	-20.62
250.281	-20.62
250.414	10.38
250.547	-70.62
250.679	57.38
250.812	-15.62
250.945	42.38
251.078	-43.62
251.211	-46.62
251.344	-72.62
251.476	-12.62
251.609	83.38
251.742	-60.62
251.875	-4.62
252.008	-54.62
252.14	-72.62
252.273	-33.62
252.406	31.38
252.539	-11.62
252.672	48.38
252.804	38.38
252.937	-44.62
253.07	-16.62
253.203	34.38
253.335	20.38
253.468	-49.62
253.601	-27.62
253.734	19.38
253.866	7.38
253.999	102.38
254.132	3.38
254.265	-32.62
254.397	-13.62
254.53	-45.62
254.663	84.38
254.796	-56.62
254.928	-86.62
255.061	-76.62
255.194	23.38
255.327	-45.62
255.459	-17.62
255.592	-48.62
255.725	104.38
255.857	-32.62
255.99	20.38
256.123	-42.62
256.255	-42.62
256.388	62.38
256.521	-41.62
256.653	-85.62
256.786	-8.62
256.919	-22.62
257.051	-27.62
257.184	-1.62
257.317	-29.62
257.449	-28.62
257.582	-27.62
257.715	-70.62
257.847	-16.62
257.98	5.38
258.113	-31.62
258.245	-3.62
258.378	-62.62
258.51	-21.62
258.643	-94.62
258.776	37.38
258.908	-70.62
259.041	19.38
259.174	-40.62
259.306	-27.62
259.439	-72.62
259.571	-23.62
259.704	3.38
259.837	60.38
259.969	-73.62
260.102	-45.62
260.234	59.38
260.367	44.38
260.499	-59.62
260.632	-14.62
260.765	-30.62
260.897	-39.62
261.03	-29.62
261.162	31.38
261.295	-6.62
261.427	50.38
261.56	-24.62
261.692	-43.62
261.825	-21.62
261.957	26.38
262.09	26.38
262.222	13.38
262.355	-31.62
262.487	-9.62
262.62	-82.62
262.752	33.38
262.885	-31.62
263.017	12.38
263.15	-87.62
263.282	2.38
263.415	-51.62
263.547	7.38
263.68	44.38
263.812	-61.62
263.945	-46.62
264.077	-33.62
264.21	73.38
264.342	-92.62
264.475	-56.62
264.607	72.38
264.74	-51.62
264.872	-34.62
265.004	19.38
265.137	8.38
265.269	82.38
265.402	-21.62
265.534	-23.62
265.667	-16.62
265.799	21.38
265.931	8.38
266.064	18.38
266.196	25.38
266.329	-56.62
266.461	-10.62
266.593	22.38
266.726	-43.62
266.858	-57.62
266.99	10.38
267.123	-19.62
267.255	-35.62
267.388	-19.62
267.52	-35.62
267.652	-65.62
267.785	76.38
267.917	17.38
268.049	-23.62
268.182	133.38
268.314	31.38
268.446	-79.62
268.579	-16.62
268.711	74.38
268.843	-30.62
268.976	-11.62
269.108	138.38
269.24	50.38
269.373	6.38
269.505	-44.62
269.637	-20.62
269.77	-48.62
269.902	5.38
270.034	-63.62
270.167	25.38
270.299	-11.62
270.431	38.38
270.563	-20.62
270.696	37.38
270.828	9.38
270.96	26.38
271.092	45.38
271.225	-22.62
271.357	9.38
271.489	-14.62
271.621	-54.62
271.754	171.38
271.886	-3.62
272.018	6.38
272.15	85.38
272.283	-48.62
272.415	-55.62
272.547	60.38
272.679	43.38
272.811	16.38
272.944	-22.62
273.076	-80.62
273.208	-5.62
273.34	-3.62
273.473	34.38
273.605	67.38
273.737	-49.62
273.869	21.38
274.001	-128.62
274.133	44.38
274.266	-21.62
274.398	414.38
274.53	38.38
274.662	70.38
274.794	-27.62
274.926	50.38
275.059	-31.62
275.191	-0.62
275.323	-10.62
275.455	58.38
275.587	-63.62
275.719	-32.62
275.851	-26.62
275.983	18.38
276.116	15.38
276.248	63.38
276.38	-64.62
276.512	78.38
276.644	-42.62
276.776	-25.62
276.908	30.38
277.04	17.38
277.172	30.38
277.304	-14.62
277.437	23.38
277.569	-2.62
277.701	-27.62
277.833	-14.62
277.965	-39.62
278.097	80.38
278.229	-69.62
278.361	5.38
278.493	51.38
278.625	126.38
278.757	2.38
278.889	-79.62
279.021	0.38
279.153	110.38
279.285	-26.62
279.417	163.38
279.549	59.38
279.681	12.38
279.813	-34.62
279.945	4.38
280.077	-51.62
280.209	331.38
280.341	-44.62
280.473	-17.62
280.605	19.38
280.737	35.38
280.869	49.38
281.001	19.38
281.133	-57.62
281.265	63.38
281.397	-51.62
281.529	107.38
281.661	-44.62
281.793	-77.62
281.925	-43.62
282.057	21.38
282.189	-31.62
282.321	74.38
282.453	-20.62
282.585	-26.62
282.717	59.38
282.849	-6.62
282.98	-31.62
283.112	-12.62
283.244	2.38
283.376	-26.62
283.508	-79.62
283.64	-48.62
283.772	44.38
283.904	33.38
284.036	-71.62
284.168	28.38
284.299	21.38
284.431	13.38
284.563	-18.62
284.695	-29.62
284.827	-32.62
284.959	-3.62
285.091	-78.62
285.222	-29.62
285.354	-1.62
285.486	-9.62
285.618	-27.62
285.75	-9.62
285.882	42.38
286.013	29.38
286.145	-4.62
286.277	31.38
286.409	74.38
286.541	52.38
286.673	-72.62
286.804	-33.62
286.936	-66.62
287.068	-12.62
287.2	-64.62
287.332	135.38
287.463	-29.62
287.595	12.38
287.727	83.38
287.859	0.38
287.99	13.38
288.122	12.38
288.254	32.38
288.386	-14.62
288.517	-42.62
288.649	6.38
288.781	4.38
288.913	56.38
289.044	-38.62
289.176	96.38
289.308	-8.62
289.44	-85.62
289.571	-41.62
289.703	-61.62
289.835	22.38
289.967	-38.62
290.098	-104.62
290.23	-41.62
290.362	28.38
290.493	-87.62
290.625	-59.62
290.757	-10.62
290.888	-4.62
291.02	8.38
291.152	71.38
291.283	38.38
291.415	-20.62
291.547	-20.62
291.678	-67.62
291.81	8.38
291.942	79.38
292.073	14.38
292.205	-86.62
292.337	33.38
292.468	99.38
292.6	-27.62
292.732	203.38
292.863	-39.62
292.995	-127.62
293.126	7.38
293.258	70.38
293.39	-11.62
293.521	-23.62
293.653	-52.62
293.785	44.38
293.916	-49.62
294.048	-2.62
294.179	25.38
294.311	-51.62
294.442	35.38
294.574	-37.62
294.706	-21.62
294.837	9.38
294.969	-26.62
295.1	-52.62
295.232	-13.62
295.363	73.38
295.495	36.38
295.627	12.38
295.758	29.38
295.89	-65.62
296.021	15.38
296.153	5.38
296.284	6.38
296.416	7.38
296.547	-20.62
296.679	3.38
296.81	29.38
296.942	-76.62
297.073	-55.62
297.205	-73.62
297.336	-80.62
297.468	-36.62
297.599	35.38
297.731	-99.62
297.862	3.38
297.994	-43.62
298.125	-62.62
298.257	-11.62
298.388	40.38
298.52	48.38
298.651	21.38
298.782	94.38
298.914	-101.62
299.045	-34.62
299.177	-44.62
299.308	-66.62
299.44	75.38
299.571	101.38
299.702	30.38
299.834	10.38
299.965	42.38
300.097	26.38
300.228	62.38
300.36	11.38
300.491	-22.62
300.622	54.38
300.754	-0.62
300.885	-57.62
301.017	55.38
301.148	-16.62
301.279	-65.62
301.411	-56.62
301.542	13.38
301.673	28.38
301.805	16.38
301.936	-61.62
302.067	16.38
302.199	-1.62
302.33	-17.62
302.461	86.38
302.593	54.38
302.724	6.38
302.855	-30.62
302.987	-31.62
303.118	-34.62
303.249	-42.62
303.381	-31.62
303.512	-62.62
303.643	-48.62
303.775	89.38
303.906	-37.62
304.037	-44.62
304.169	-41.62
304.3	-7.62
304.431	-15.62
304.562	-45.62
304.694	-58.62
304.825	4.38
304.956	76.38
305.087	-14.62
305.219	13.38
305.35	11.38
305.481	-71.62
305.612	-8.62
305.744	36.38
305.875	-4.62
306.006	144.38
306.137	-67.62
306.269	-13.62
306.4	78.38
306.531	61.38
306.662	-27.62
306.794	63.38
306.925	-74.62
307.056	-47.62
307.187	-17.62
307.318	-38.62
307.45	1.38
307.581	26.38
307.712	-51.62
307.843	-2.62
307.974	22.38
308.105	50.38
308.237	2.38
308.368	-59.62
308.499	-25.62
308.63	28.38
308.761	-16.62
308.892	-7.62
309.024	31.38
309.155	19.38
309.286	-34.62
309.417	-47.62
309.548	7.38
309.679	-37.62
309.81	-106.62
309.941	131.38
310.073	-0.62
310.204	-34.62
310.335	7.38
310.466	-34.62
310.597	-1.62
310.728	-57.62
310.859	83.38
310.99	58.38
311.121	22.38
311.252	11.38
311.383	-79.62
311.514	-21.62
311.646	-31.62
311.777	23.38
311.908	-16.62
312.039	-5.62
312.17	-48.62
312.301	54.38
312.432	-37.62
312.563	-43.62
312.694	7.38
312.825	-22.62
312.956	-93.62
313.087	53.38
313.218	45.38
313.349	-24.62
313.48	-66.62
313.611	-36.62
313.742	-12.62
313.873	38.38
314.004	-25.62
314.135	-6.62
314.266	69.38
314.397	2.38
314.528	-71.62
314.659	-39.62
314.79	-15.62
314.921	17.38
315.052	3.38
315.183	-101.62
315.314	-57.62
315.445	59.38
315.576	-5.62
315.707	-40.62
315.838	-37.62
315.968	65.38
316.099	-41.62
316.23	-54.62
316.361	54.38
316.492	29.38
316.623	-11.62
316.754	68.38
316.885	-89.62
317.016	-22.62
317.147	-77.62
317.278	45.38
317.408	-88.62
317.539	-39.62
317.67	-75.62
317.801	31.38
317.932	-8.62
318.063	-24.62
318.194	-33.62
318.325	55.38
318.455	-46.62
318.586	13.38
318.717	14.38
318.848	-80.62
318.979	81.38
319.11	130.38
319.24	10.38
319.371	13.38
319.502	-15.62
319.633	-16.62
319.764	-59.62
319.895	-69.62
320.025	30.38
320.156	-22.62
320.287	-117.62
320.418	-22.62
320.549	-12.62
320.679	-23.62
320.81	30.38
320.941	-104.62
321.072	-40.62
321.202	-23.62
321.333	82.38
321.464	-98.62
321.595	-51.62
321.726	119.38
321.856	-88.62
321.987	-15.62
322.118	-57.62
322.249	7.38
322.379	-64.62
322.51	17.38
322.641	-35.62
322.771	-43.62
322.902	-13.62
323.033	-15.62
323.164	219.38
323.294	-41.62
323.425	-59.62
323.556	-6.62
323.686	14.38
323.817	133.38
323.948	8.38
324.078	21.38
324.209	31.38
324.34	3.38
324.47	66.38
324.601	-63.62
324.732	29.38
324.862	20.38
324.993	-22.62
325.124	-60.62
325.254	58.38
325.385	-2.62
325.516	102.38
325.646	147.38
325.777	-1.62
325.908	20.38
326.038	6.38
326.169	2.38
326.299	-26.62
326.43	45.38
326.561	-36.62
326.691	-60.62
326.822	-36.62
326.952	-20.62
327.083	37.38
327.214	-25.62
327.344	3.38
327.475	18.38
327.605	22.38
327.736	7.38
327.867	-28.62
327.997	19.38
328.128	-17.62
328.258	-82.62
328.389	91.38
328.519	-26.62
328.65	16.38
328.78	-54.62
328.911	28.38
329.041	56.38
329.172	-96.62
329.303	-55.62
329.433	-52.62
329.564	-44.62
329.694	-39.62
329.825	-34.62
329.955	-30.62
330.086	162.38
330.216	-75.62
330.347	-56.62
330.477	0.38
330.608	18.38
330.738	-18.62
330.868	-75.62
330.999	-13.62
331.129	83.38
331.26	-73.62
331.39	-35.62
331.521	72.38
331.651	90.38
331.782	-86.62
331.912	-53.62
332.043	-31.62
332.173	48.38
332.303	-83.62
332.434	44.38
332.564	43.38
332.695	-8.62
332.825	-73.62
332.956	-19.62
333.086	2.38
333.216	-55.62
333.347	-37.62
333.477	-102.62
333.608	-6.62
333.738	-1.62
333.868	-37.62
333.999	-15.62
334.129	16.38
334.259	1.38
334.39	-34.62
334.52	23.38
334.65	-20.62
334.781	95.38
334.911	-55.62
335.042	-27.62
335.172	-12.62
335.302	12.38
335.433	58.38
335.563	-55.62
335.693	85.38
335.824	142.38
335.954	-120.62
336.084	-45.62
336.214	43.38
336.345	99.38
336.475	25.38
336.605	-38.62
336.736	91.38
336.866	17.38
336.996	-9.62
337.126	-18.62
337.257	51.38
337.387	-46.62
337.517	-77.62
337.648	-72.62
337.778	79.38
337.908	54.38
338.038	-29.62
338.169	-49.62
338.299	93.38
338.429	-15.62
338.559	-86.62
338.69	-49.62
338.82	109.38
338.95	32.38
339.08	-132.62
339.21	-34.62
339.341	-4.62
339.471	57.38
339.601	-6.62
339.731	53.38
339.861	-39.62
339.992	17.38
340.122	-24.62
340.252	-22.62
340.382	-55.62
340.512	26.38
340.642	4.38
340.773	7.38
340.903	-74.62
341.033	21.38
341.163	-11.62
341.293	97.38
341.423	-51.62
341.554	-66.62
341.684	30.38
341.814	-30.62
341.944	-5.62
342.074	-1.62
342.204	-35.62
342.334	35.38
342.464	-21.62
342.595	-49.62
342.725	-49.62
342.855	17.38
342.985	-11.62
343.115	-34.62
343.245	-110.62
343.375	7.38
343.505	18.38
343.635	8.38
343.765	-41.62
343.895	-107.62
344.025	33.38
344.155	-6.62
344.286	-24.62
344.416	40.38
344.546	39.38
344.676	9.38
344.806	6.38
344.936	-2.62
345.066	48.38
345.196	18.38
345.326	-106.62
345.456	39.38
345.586	-67.62
345.716	-57.62
345.846	0.38
345.976	-108.62
346.106	-18.62
346.236	96.38
346.366	3.38
346.496	-81.62
346.626	-44.62
346.756	-3.62
346.886	-69.62
347.016	-66.62
347.146	-28.62
347.276	-56.62
347.406	-70.62
347.536	7.38
347.666	64.38
347.795	-54.62
347.925	-27.62
348.055	46.38
348.185	2.38
348.315	2.38
348.445	20.38
348.575	-7.62
348.705	-42.62
348.835	-33.62
348.965	-61.62
349.095	-1.62
349.225	85.38
349.354	-64.62
349.484	-41.62
349.614	-33.62
349.744	-6.62
349.874	-3.62
350.004	-59.62
350.134	-30.62
350.264	-91.62
350.393	-37.62
350.523	25.38
350.653	-90.62
350.783	40.38
350.913	66.38
351.043	-86.62
351.173	-39.62
351.302	43.38
351.432	20.38
351.562	-36.62
351.692	-35.62
351.822	-33.62
351.951	-77.62
352.081	26.38
352.211	-33.62
352.341	32.38
352.471	36.38
352.6	-56.62
352.73	-37.62
352.86	-22.62
352.99	65.38
353.12	1.38
353.249	14.38
353.379	-19.62
353.509	6.38
353.639	-69.62
353.768	12.38
353.898	-66.62
354.028	-39.62
354.158	-32.62
354.287	-49.62
354.417	-56.62
354.547	-68.62
354.677	-103.62
354.806	29.38
354.936	42.38
355.066	31.38
355.195	-58.62
355.325	17.38
355.455	-40.62
355.584	89.38
355.714	-72.62
355.844	25.38
355.974	2.38
356.103	-0.62
356.233	-57.62
356.363	44.38
356.492	-41.62
356.622	-44.62
356.752	-32.62
356.881	-67.62
357.011	20.38
357.14	70.38
357.27	-43.62
357.4	55.38
357.529	28.38
357.659	45.38
357.789	7.38
357.918	-79.62
358.048	-80.62
358.177	16.38
358.307	-73.62
358.437	-18.62
358.566	-70.62
358.696	31.38
358.825	66.38
358.955	-73.62
359.085	65.38
359.214	-88.62
359.344	-42.62
359.473	-75.62
359.603	0.38
359.733	-6.62
359.862	-102.62
359.992	27.38
360.121	-0.62
360.251	43.38
360.38	-62.62
360.51	47.38
360.639	-19.62
360.769	7.38
360.898	-4.62
361.028	15.38
361.157	42.38
361.287	4.38
361.416	-98.62
361.546	-41.62
361.675	-5.62
361.805	1.38
361.934	19.38
362.064	-54.62
362.193	-35.62
362.323	-77.62
362.452	37.38
362.582	-43.62
362.711	-56.62
362.841	-16.62
362.97	-9.62
363.1	-41.62
363.229	-82.62
363.359	-4.62
363.488	-102.62
363.617	-24.62
363.747	-10.62
363.876	-51.62
364.006	-37.62
364.135	-14.62
364.265	9.38
364.394	-36.62
364.523	83.38
364.653	-42.62
364.782	44.38
364.912	-47.62
365.041	-93.62
365.17	-19.62
365.3	70.38
365.429	104.38
365.558	-47.62
365.688	-24.62
365.817	-2.62
365.947	29.38
366.076	-10.62
366.205	-23.62
366.335	-83.62
366.464	-49.62
366.593	22.38
366.723	-24.62
366.852	23.38
366.981	-19.62
367.111	-60.62
367.24	-11.62
367.369	-23.62
367.499	124.38
367.628	28.38
367.757	-26.62
367.886	-12.62
368.016	89.38
368.145	-7.62
368.274	-17.62
368.404	-82.62
368.533	13.38
368.662	6.38
368.791	-28.62
368.921	-68.62
369.05	73.38
369.179	12.38
369.308	80.38
369.438	-36.62
369.567	-33.62
369.696	-28.62
369.825	6.38
369.955	8.38
370.084	53.38
370.213	-39.62
370.342	-58.62
370.472	-38.62
370.601	101.38
370.73	12.38
370.859	-91.62
370.988	-20.62
371.118	-40.62
371.247	34.38
371.376	20.38
371.505	16.38
371.634	41.38
371.763	-10.62
371.893	-48.62
372.022	-30.62
372.151	-62.62
372.28	-61.62
372.409	-62.62
372.538	-34.62
372.667	28.38
372.797	17.38
372.926	-44.62
373.055	39.38
373.184	-23.62
373.313	-53.62
373.442	48.38
373.571	0.38
373.7	7.38
373.83	8.38
373.959	-83.62
374.088	-12.62
374.217	48.38
374.346	-38.62
374.475	-67.62
374.604	-12.62
374.733	87.38
374.862	-57.62
374.991	-41.62
375.12	7.38
375.249	32.38
375.378	-40.62
375.508	-101.62
375.637	-86.62
375.766	52.38
375.895	-47.62
376.024	43.38
376.153	-50.62
376.282	-7.62
376.411	-46.62
376.54	-133.62
376.669	20.38
376.798	-9.62
376.927	-84.62
377.056	28.38
377.185	42.38
377.314	74.38
377.443	29.38
377.572	-65.62
377.701	-33.62
377.83	71.38
377.959	18.38
378.088	448.38
378.217	56.38
378.346	-12.62
378.474	-105.62
378.603	-50.62
378.732	-14.62
378.861	-62.62
378.99	-102.62
379.119	-95.62
379.248	17.38
379.377	-53.62
379.506	-35.62
379.635	57.38
379.764	33.38
379.893	-54.62
380.022	-46.62
380.15	45.38
380.279	-24.62
380.408	-30.62
380.537	-34.62
380.666	17.38
380.795	5.38
380.924	-55.62
381.053	-103.62
381.181	8.38
381.31	205.38
381.439	2.38
381.568	-68.62
381.697	-41.62
381.826	-13.62
381.955	-22.62
382.083	-5.62
382.212	-87.62
382.341	39.38
382.47	-15.62
382.599	-72.62
382.727	28.38
382.856	44.38
382.985	50.38
383.114	-34.62
383.243	0.38
383.371	-4.62
383.5	3.38
383.629	-55.62
383.758	-56.62
383.887	-105.62
384.015	-7.62
384.144	-81.62
384.273	9.38
384.402	35.38
384.53	-67.62
384.659	-88.62
384.788	-56.62
384.917	-43.62
385.045	19.38
385.174	-32.62
385.303	-92.62
385.432	-16.62
385.56	-3.62
385.689	-55.62
385.818	20.38
385.946	21.38
386.075	-31.62
386.204	-60.62
386.332	-1.62
386.461	69.38
386.59	47.38
386.718	-63.62
386.847	-39.62
386.976	-2.62
387.104	-92.62
387.233	-71.62
387.362	-19.62
387.49	-16.62
387.619	-40.62
387.748	-26.62
387.876	67.38
388.005	12.38
388.134	89.38
388.262	-129.62
388.391	-48.62
388.52	32.38
388.648	-33.62
388.777	29.38
388.905	-47.62
389.034	-21.62
389.163	-12.62
389.291	-25.62
389.42	42.38
389.548	22.38
389.677	-12.62
389.805	-4.62
389.934	-8.62
390.063	-64.62
390.191	-49.62
390.32	-62.62
390.448	-62.62
390.577	-52.62
390.705	-31.62
390.834	-4.62
390.962	-46.62
391.091	-37.62
391.22	73.38
391.348	58.38
391.477	15.38
391.605	-34.62
391.734	-2.62
391.862	-58.62
391.991	-72.62
392.119	-31.62
392.248	4.38
392.376	-68.62
392.505	-26.62
392.633	30.38
392.762	133.38
392.89	-97.62
393.018	11.38
393.147	9.38
393.275	-51.62
393.404	-86.62
393.532	5.38
393.661	2.38
393.789	-15.62
393.918	-23.62
394.046	-32.62
394.174	-6.62
394.303	-42.62
394.431	-16.62
394.56	28.38
394.688	-109.62
394.817	-83.62
394.945	22.38
395.073	29.38
395.202	-0.62
395.33	-12.62
395.459	-59.62
395.587	47.38
395.715	-4.62
395.844	19.38
395.972	-135.62
396.1	59.38
396.229	-68.62
396.357	19.38
396.485	-45.62
396.614	2.38
396.742	66.38
396.87	-8.62
396.999	27.38
397.127	-46.62
397.255	39.38
397.384	62.38
397.512	-90.62
397.64	-66.62
397.769	-9.62
397.897	41.38
398.025	-28.62
398.154	-4.62
398.282	104.38
398.41	3.38
398.538	-51.62
398.667	-14.62
398.795	-74.62
398.923	61.38
399.052	-70.62
399.18	6.38
399.308	7.38
399.436	77.38
399.565	-63.62
399.693	-18.62
399.821	20.38
399.949	-14.62
400.078	58.38
400.206	-39.62
400.334	-42.62
400.462	60.38
400.59	-107.62
400.719	-18.62
400.847	-73.62
400.975	10.38
401.103	-12.62
401.231	1.38
401.36	-29.62
401.488	2.38
401.616	-41.62
401.744	-10.62
401.872	8.38
402	57.38
402.129	-45.62
402.257	-63.62
402.385	-46.62
402.513	-7.62
402.641	-27.62
402.769	-29.62
402.897	-66.62
403.026	-15.62
403.154	-97.62
403.282	-73.62
403.41	-46.62
403.538	84.38
403.666	-60.62
403.794	-1.62
403.922	15.38
404.05	-29.62
404.179	24.38
404.307	32.38
404.435	-66.62
404.563	-36.62
404.691	-88.62
404.819	134.38
404.947	-84.62
405.075	-37.62
405.203	-93.62
405.331	-32.62
405.459	-42.62
405.587	-17.62
405.715	-44.62
405.843	-23.62
405.971	-21.62
406.099	59.38
406.227	-17.62
406.355	-11.62
406.483	-154.62
406.611	64.38
406.739	-73.62
406.867	-48.62
406.995	-48.62
407.123	-47.62
407.251	-82.62
407.379	-64.62
407.507	37.38
407.635	36.38
407.763	-113.62
407.891	-35.62
408.019	-20.62
408.147	29.38
408.275	6.38
408.403	-95.62
408.531	-93.62
408.659	85.38
408.787	-23.62
408.915	-33.62
409.043	-66.62
409.171	63.38
409.299	34.38
409.427	28.38
409.554	-64.62
409.682	15.38
409.81	8.38
409.938	-8.62
410.066	-10.62
410.194	15.38
410.322	-75.62
410.45	-31.62
410.578	-64.62
410.705	-25.62
410.833	-17.62
410.961	46.38
411.089	137.38
411.217	-49.62
411.345	-81.62
411.473	-49.62
411.6	41.38
411.728	-24.62
411.856	-96.62
411.984	-83.62
412.112	27.38
412.239	32.38
412.367	-34.62
412.495	48.38
412.623	-61.62
412.751	60.38
412.878	-134.62
413.006	-56.62
413.134	45.38
413.262	86.38
413.39	-22.62
413.517	-14.62
413.645	27.38
413.773	-81.62
413.901	46.38
414.028	2.38
414.156	-22.62
414.284	-45.62
414.412	-5.62
414.539	-9.62
414.667	-41.62
414.795	3.38
414.923	-141.62
415.05	-9.62
415.178	-7.62
415.306	86.38
415.433	-57.62
415.561	45.38
415.689	48.38
415.816	-50.62
415.944	52.38
416.072	-56.62
416.2	-20.62
416.327	74.38
416.455	-57.62
416.583	-52.62
416.71	-49.62
416.838	76.38
416.966	-84.62
417.093	-28.62
417.221	32.38
417.348	2.38
417.476	-61.62
417.604	-45.62
417.731	-27.62
417.859	25.38
417.987	-32.62
418.114	-66.62
418.242	-17.62
418.369	-25.62
418.497	-62.62
418.625	42.38
418.752	-24.62
418.88	-71.62
419.007	38.38
419.135	37.38
419.263	-43.62
419.39	-6.62
419.518	-35.62
419.645	-88.62
419.773	-76.62
419.9	-46.62
420.028	136.38
420.155	-42.62
420.283	-15.62
420.41	4.38
420.538	-78.62
420.666	11.38
420.793	-27.62
420.921	-69.62
421.048	-27.62
421.176	39.38
421.303	3.38
421.431	-45.62
421.558	-106.62
421.686	53.38
421.813	-21.62
421.941	-15.62
422.068	-42.62
422.195	20.38
422.323	25.38
422.45	-66.62
422.578	-44.62
422.705	-28.62
422.833	-71.62
422.96	-21.62
423.088	-7.62
423.215	131.38
423.343	90.38
423.47	-7.62
423.597	60.38
423.725	-8.62
423.852	-9.62
423.98	15.38
424.107	-100.62
424.234	5.38
424.362	-15.62
424.489	-69.62
424.617	137.38
424.744	29.38
424.871	-65.62
424.999	19.38
425.126	59.38
425.253	11.38
425.381	-16.62
425.508	-40.62
425.636	-28.62
425.763	-44.62
425.89	-61.62
426.018	-87.62
426.145	8.38
426.272	-6.62
426.4	36.38
426.527	51.38
426.654	-79.62
426.781	-1.62
426.909	-3.62
427.036	-27.62
427.163	-87.62
427.291	-32.62
427.418	-51.62
427.545	11.38
427.673	-95.62
427.8	-85.62
427.927	-71.62
428.054	23.38
428.182	-8.62
428.309	-54.62
428.436	-42.62
428.563	-44.62
428.691	-44.62
428.818	-71.62
428.945	32.38
429.072	-69.62
429.2	-15.62
429.327	44.38
429.454	-24.62
429.581	-12.62
429.708	-101.62
429.836	-14.62
429.963	-37.62
430.09	-65.62
430.217	-37.62
430.344	-53.62
430.472	-138.62
430.599	30.38
430.726	-42.62
430.853	15.38
430.98	-9.62
431.107	-30.62
431.235	-58.62
431.362	-10.62
431.489	19.38
431.616	98.38
431.743	38.38
431.87	-31.62
431.997	-59.62
432.125	16.38
432.252	-135.62
432.379	-11.62
432.506	32.38
432.633	-0.62
432.76	-44.62
432.887	45.38
433.014	-47.62
433.141	-24.62
433.268	-2.62
433.395	-33.62
433.523	18.38
433.65	-55.62
433.777	-93.62
433.904	-29.62
434.031	-122.62
434.158	12.38
434.285	5.38
434.412	-20.62
434.539	-1.62
434.666	-80.62
434.793	-37.62
434.92	-14.62
435.047	19.38
435.174	-21.62
435.301	12.38
435.428	78.38
435.555	63.38
435.682	-28.62
435.809	-32.62
435.936	7.38
436.063	-23.62
436.19	40.38
436.317	-75.62
436.444	9.38
436.571	-25.62
436.698	53.38
436.825	41.38
436.952	41.38
437.079	13.38
437.206	-0.62
437.333	-80.62
437.46	-30.62
437.587	-4.62
437.714	-73.62
437.84	-17.62
437.967	-79.62
438.094	-85.62
438.221	45.38
438.348	-70.62
438.475	1870.38
438.602	-73.62
438.729	-86.62
438.856	-62.62
438.983	-59.62
439.109	19.38
439.236	14.38
439.363	-69.62
439.49	-17.62
439.617	-40.62
439.744	-40.62
439.871	101.38
439.997	-24.62
440.124	50.38
440.251	-33.62
440.378	-33.62
440.505	-23.62
440.632	33.38
440.758	104.38
440.885	70.38
441.012	-47.62
441.139	49.38
441.266	-80.62
441.392	-91.62
441.519	-47.62
441.646	-65.62
441.773	-0.62
441.9	36.38
442.026	-92.62
442.153	-32.62
442.28	-6.62
442.407	-44.62
442.533	20.38
442.66	17.38
442.787	26.38
442.914	-56.62
443.04	-32.62
443.167	-3.62
443.294	4.38
443.421	-65.62
443.547	-79.62
443.674	1.38
443.801	-14.62
443.927	9.38
444.054	95.38
444.181	67.38
444.307	30.38
444.434	-95.62
444.561	-84.62
444.688	-68.62
444.814	66.38
444.941	-87.62
445.068	-98.62
445.194	52.38
445.321	-37.62
445.447	-16.62
445.574	-63.62
445.701	-13.62
445.827	-14.62
445.954	-100.62
446.081	-4.62
446.207	-39.62
446.334	22.38
446.461	-70.62
446.587	-112.62
446.714	-4.62
446.84	77.38
446.967	-109.62
447.094	-58.62
447.22	69.38
447.347	-24.62
447.473	-137.62
447.6	-7.62
447.726	-56.62
447.853	50.38
447.98	-31.62
448.106	-52.62
448.233	-8.62
448.359	-32.62
448.486	-34.62
448.612	-61.62
448.739	-18.62
448.865	58.38
448.992	16.38
449.118	-89.62
449.245	-60.62
449.371	-20.62
449.498	-59.62
449.624	2.38
449.751	-20.62
449.877	-59.62
450.004	-33.62
450.13	-57.62
450.257	-78.62
450.383	54.38
450.51	-121.62
450.636	-47.62
450.763	-68.62
450.889	-37.62
451.016	-143.62
451.142	-5.62
451.269	-37.62
451.395	116.38
451.521	-79.62
451.648	-77.62
451.774	14.38
451.901	-84.62
452.027	-98.62
452.154	3.38
452.28	9.38
452.406	-4.62
452.533	-135.62
452.659	-82.62
452.785	-21.62
452.912	-14.62
453.038	-88.62
453.165	-22.62
453.291	11.38
453.417	91.38
453.544	-120.62
453.67	-55.62
453.796	-30.62
453.923	-120.62
454.049	-97.62
454.175	-80.62
454.302	-16.62
454.428	23.38
454.554	-83.62
454.681	-92.62
454.807	-56.62
454.933	92.38
455.06	-59.62
455.186	-81.62
455.312	60.38
455.439	65.38
455.565	-134.62
455.691	-12.62
455.817	7.38
455.944	61.38
456.07	-82.62
456.196	7.38
456.322	-84.62
456.449	-39.62
456.575	-84.62
456.701	-53.62
456.827	-60.62
456.954	-57.62
457.08	-78.62
457.206	-100.62
457.332	-15.62
457.459	-43.62
457.585	-80.62
457.711	-80.62
457.837	45.38
457.963	5.38
458.09	-38.62
458.216	-104.62
458.342	-34.62
458.468	3.38
458.594	-35.62
458.721	-0.62
458.847	-31.62
458.973	-62.62
459.099	-73.62
459.225	-109.62
459.351	0.38
459.477	-9.62
459.604	-80.62
459.73	-40.62
459.856	-68.62
459.982	9.38
460.108	-104.62
460.234	-142.62
460.36	-7.62
460.486	4.38
460.613	-92.62
460.739	18.38
460.865	-67.62
460.991	112.38
461.117	-20.62
461.243	-66.62
461.369	-39.62
461.495	-30.62
461.621	-41.62
461.747	-18.62
461.873	-12.62
461.999	-49.62
462.125	-56.62
462.252	-11.62
462.378	13.38
462.504	42.38
462.63	-56.62
462.756	-112.62
462.882	-79.62
463.008	8.38
463.134	-6.62
463.26	-85.62
463.386	-44.62
463.512	26.38
463.638	-45.62
463.764	-85.62
463.89	12.38
464.016	42.38
464.142	-67.62
464.268	-96.62
464.394	-16.62
464.52	-83.62
464.645	-45.62
464.771	-13.62
464.897	-35.62
465.023	1.38
465.149	-38.62
465.275	-77.62
465.401	-37.62
465.527	36.38
465.653	-104.62
465.779	1.38
465.905	-82.62
466.031	2.38
466.157	-82.62
466.282	-70.62
466.408	-31.62
466.534	20.38
466.66	-146.62
466.786	-59.62
466.912	-4.62
467.038	50.38
467.164	-67.62
467.289	-62.62
467.415	13.38
467.541	22.38
467.667	-61.62
467.793	-43.62
467.919	15.38
468.045	113.38
468.17	-96.62
468.296	-48.62
468.422	-8.62
468.548	74.38
468.674	-115.62
468.799	-66.62
468.925	-46.62
469.051	-51.62
469.177	-105.62
469.303	-137.62
469.428	0.38
469.554	-40.62
469.68	-79.62
469.806	-35.62
469.931	-31.62
470.057	81.38
470.183	-141.62
470.309	-75.62
470.434	75.38
470.56	1.38
470.686	-37.62
470.812	-22.62
470.937	-60.62
471.063	-6.62
471.189	-35.62
471.315	20.38
471.44	22.38
471.566	-23.62
471.692	-15.62
471.817	-78.62
471.943	8.38
472.069	37.38
472.194	-68.62
472.32	-41.62
472.446	2.38
472.571	4.38
472.697	-86.62
472.823	-65.62
472.948	-67.62
473.074	27.38
473.2	-40.62
473.325	-54.62
473.451	-32.62
473.577	-33.62
473.702	-126.62
473.828	-34.62
473.953	-81.62
474.079	27.38
474.205	-126.62
474.33	-79.62
474.456	-54.62
474.581	63.38
474.707	-117.62
474.833	-101.62
474.958	14.38
475.084	52.38
475.209	-60.62
475.335	-33.62
475.46	-9.62
475.586	-8.62
475.712	2.38
475.837	-24.62
475.963	10.38
476.088	-63.62
476.214	-107.62
476.339	-51.62
476.465	-32.62
476.59	-86.62
476.716	50.38
476.841	-26.62
476.967	80.38
477.092	-67.62
477.218	-36.62
477.343	-74.62
477.469	74.38
477.594	9.38
477.72	-96.62
477.845	-44.62
477.971	-10.62
478.096	14.38
478.222	-53.62
478.347	785.38
478.472	55.38
478.598	-45.62
478.723	-93.62
478.849	14.38
478.974	17.38
479.1	-32.62
479.225	-54.62
479.35	-79.62
479.476	19.38
479.601	-61.62
479.727	8.38
479.852	-104.62
479.977	-26.62
480.103	-16.62
480.228	61.38
480.354	-46.62
480.479	66.38
480.604	-1.62
480.73	-97.62
480.855	-115.62
480.98	43.38
481.106	-41.62
481.231	-149.62
481.356	-77.62
481.482	-93.62
481.607	-64.62
481.732	-147.62
481.858	-77.62
481.983	-6.62
482.108	-32.62
482.234	-86.62
482.359	-34.62
482.484	51.38
482.61	-81.62
482.735	-35.62
482.86	-67.62
482.985	3.38
483.111	4.38
483.236	-33.62
483.361	-75.62
483.486	-76.62
483.612	40.38
483.737	-109.62
483.862	-29.62
483.987	-1.62
484.113	-77.62
484.238	-16.62
484.363	-72.62
484.488	-74.62
484.614	-10.62
484.739	-101.62
484.864	39.38
484.989	163.38
485.114	9.38
485.24	-59.62
485.365	-50.62
485.49	-94.62
485.615	-3.62
485.74	-60.62
485.865	-5.62
485.991	-0.62
486.116	62.38
486.241	-112.62
486.366	-93.62
486.491	27.38
486.616	11.38
486.742	-106.62
486.867	-5.62
486.992	-62.62
487.117	-70.62
487.242	-125.62
487.367	-124.62
487.492	5.38
487.617	43.38
487.742	-74.62
487.868	-85.62
487.993	7.38
488.118	68.38
488.243	-17.62
488.368	-83.62
488.493	-58.62
488.618	-53.62
488.743	-90.62
488.868	-64.62
488.993	-29.62
489.118	57.38
489.243	-55.62
489.368	-103.62
489.493	35.38
489.618	-15.62
489.743	-71.62
489.868	-43.62
489.993	-8.62
490.118	-78.62
490.243	108.38
490.368	-62.62
490.493	4.38
490.618	52.38
490.743	-90.62
490.868	-21.62
490.993	-12.62
491.118	15.38
491.243	-49.62
491.368	-28.62
491.493	42.38
491.618	25.38
491.743	-49.62
491.868	-24.62
491.993	-116.62
492.118	-37.62
492.243	-34.62
492.368	10.38
492.493	-59.62
492.618	58.38
492.743	-91.62
492.867	63.38
492.992	-13.62
493.117	28.38
493.242	-81.62
493.367	0.38
493.492	18.38
493.617	-14.62
493.742	36.38
493.867	-76.62
493.991	-42.62
494.116	2.38
494.241	-47.62
494.366	-32.62
494.491	-16.62
494.616	51.38
494.74	-72.62
494.865	-93.62
494.99	-7.62
495.115	-46.62
495.24	6.38
495.365	-65.62
495.489	-8.62
495.614	-4.62
495.739	-61.62
495.864	-7.62
495.989	-83.62
496.113	26.38
496.238	-28.62
496.363	-45.62
496.488	-72.62
496.612	60.38
496.737	-88.62
496.862	-49.62
496.987	-27.62
497.111	-11.62
497.236	-107.62
497.361	-62.62
497.486	54.38
497.61	27.38
497.735	-44.62
497.86	1.38
497.984	2.38
498.109	-60.62
498.234	-135.62
498.359	5.38
498.483	-19.62
498.608	30.38
498.733	-94.62
498.857	-102.62
498.982	-23.62
499.107	-74.62
499.231	-24.62
499.356	-38.62
499.481	56.38
499.605	-151.62
499.73	-134.62
499.855	-16.62
499.979	-63.62
500.104	-32.62
500.228	70.38
500.353	-48.62
500.478	-31.62
500.602	-41.62
500.727	31.38
500.852	-39.62
500.976	-104.62
501.101	-22.62
501.225	19.38
501.35	-32.62
501.474	-98.62
501.599	16.38
501.724	-42.62
501.848	-14.62
501.973	41.38
502.097	-50.62
502.222	-52.62
502.346	-52.62
502.471	-79.62
502.595	-24.62
502.72	-87.62
502.844	-40.62
502.969	1.38
503.094	45.38
503.218	-136.62
503.343	-38.62
503.467	-76.62
503.592	-23.62
503.716	-67.62
503.841	0.38
503.965	71.38
504.089	7.38
504.214	-91.62
504.338	-19.62
504.463	56.38
504.587	76.38
504.712	-45.62
504.836	-22.62
504.961	48.38
505.085	77.38
505.21	-47.62
505.334	-20.62
505.458	106.38
505.583	-71.62
505.707	-28.62
505.832	-42.62
505.956	-21.62
506.08	-41.62
506.205	-87.62
506.329	101.38
506.454	-107.62
506.578	-27.62
506.702	-54.62
506.827	52.38
506.951	-10.62
507.076	-24.62
507.2	-98.62
507.324	39.38
507.449	50.38
507.573	-49.62
507.697	-86.62
507.822	-29.62
507.946	-31.62
508.07	-87.62
508.195	-74.62
508.319	-48.62
508.443	-11.62
508.567	-77.62
508.692	-76.62
508.816	-93.62
508.94	23.38
509.065	-102.62
509.189	-11.62
509.313	-34.62
509.437	32.38
509.562	-94.62
509.686	-78.62
509.81	-78.62
509.935	-42.62
510.059	105.38
510.183	-102.62
510.307	-74.62
510.431	23.38
510.556	-12.62
510.68	-68.62
510.804	-85.62
510.928	-19.62
511.053	-87.62
511.177	-89.62
511.301	-62.62
511.425	-44.62
511.549	-2.62
511.674	-33.62
511.798	-39.62
511.922	9.38
512.046	77.38
512.17	-49.62
512.294	-45.62
512.419	9.38
512.543	31.38
512.667	-18.62
512.791	-25.62
512.915	-26.62
513.039	-18.62
513.163	-17.62
513.288	22.38
513.412	-52.62
513.536	35.38
513.66	-51.62
513.784	-53.62
513.908	3.38
514.032	-1.62
514.156	-24.62
514.28	63.38
514.404	9.38
514.528	-40.62
514.653	-10.62
514.777	15.38
514.901	13.38
515.025	75.38
515.149	-27.62
515.273	15.38
515.397	7.38
515.521	-16.62
515.645	-47.62
515.769	-58.62
515.893	-42.62
516.017	-39.62
516.141	-99.62
516.265	-53.62
516.389	-24.62
516.513	-6.62
516.637	-68.62
516.761	-115.62
516.885	-17.62
517.009	-51.62
517.133	-79.62
517.257	-24.62
517.381	25.38
517.505	11.38
517.629	32.38
517.753	-3.62
517.877	-40.62
518.001	-6.62
518.125	-36.62
518.248	-8.62
518.372	18.38
518.496	-34.62
518.62	-45.62
518.744	-44.62
518.868	3.38
518.992	24.38
519.116	-73.62
519.24	105.38
519.364	32.38
519.488	-73.62
519.611	-144.62
519.735	-26.62
519.859	-10.62
519.983	66.38
520.107	-118.62
520.231	52.38
520.355	1.38
520.478	-14.62
520.602	-45.62
520.726	35.38
520.85	-39.62
520.974	31.38
521.098	-106.62
521.221	-61.62
521.345	32.38
521.469	-14.62
521.593	-64.62
521.717	21.38
521.84	-14.62
521.964	-24.62
522.088	-65.62
522.212	5.38
522.335	-107.62
522.459	-38.62
522.583	43.38
522.707	-93.62
522.83	-39.62
522.954	-81.62
523.078	-64.62
523.202	-2.62
523.325	-32.62
523.449	13.38
523.573	-33.62
523.697	-53.62
523.82	-69.62
523.944	15.38
524.068	-36.62
524.191	-38.62
524.315	-62.62
524.439	-24.62
524.562	-54.62
524.686	-65.62
524.81	-51.62
524.933	-20.62
525.057	-30.62
525.181	-6.62
525.304	-97.62
525.428	96.38
525.552	-93.62
525.675	9.38
525.799	-33.62
525.923	-16.62
526.046	-34.62
526.17	-110.62
526.293	-48.62
526.417	28.38
526.541	7.38
526.664	-52.62
526.788	-13.62
526.911	29.38
527.035	-92.62
527.159	-39.62
527.282	-26.62
527.406	-51.62
527.529	-4.62
527.653	-103.62
527.776	15.38
527.9	2.38
528.024	-59.62
528.147	-50.62
528.271	68.38
528.394	69.38
528.518	57.38
528.641	-83.62
528.765	2.38
528.888	21.38
529.012	-52.62
529.135	-60.62
529.259	65.38
529.382	8.38
529.506	-73.62
529.629	35.38
529.753	-87.62
529.876	15.38
530	33.38
530.123	-40.62
530.247	-31.62
530.37	-30.62
530.493	-11.62
530.617	-51.62
530.74	39.38
530.864	42.38
530.987	-87.62
531.111	27.38
531.234	-42.62
531.357	47.38
531.481	30.38
531.604	37.38
531.728	-45.62
531.851	37.38
531.974	-8.62
532.098	-30.62
532.221	-20.62
532.345	5.38
532.468	-139.62
532.591	44.38
532.715	-12.62
532.838	-109.62
532.961	-45.62
533.085	-43.62
533.208	5.38
533.331	-47.62
533.455	-13.62
533.578	-17.62
533.701	-29.62
533.825	95.38
533.948	-86.62
534.071	-56.62
534.195	-5.62
534.318	-31.62
534.441	-96.62
534.564	31.38
534.688	-8.62
534.811	72.38
534.934	-28.62
535.058	24.38
535.181	31.38
535.304	45.38
535.427	-46.62
535.551	-81.62
535.674	-89.62
535.797	50.38
535.92	16.38
536.043	-43.62
536.167	-45.62
536.29	-1.62
536.413	-26.62
536.536	-75.62
536.66	-18.62
536.783	41.38
536.906	-26.62
537.029	-60.62
537.152	-8.62
537.275	-1.62
537.399	55.38
537.522	-92.62
537.645	-19.62
537.768	7.38
537.891	-20.62
538.014	-5.62
538.138	-14.62
538.261	-23.62
538.384	9.38
538.507	-115.62
538.63	18.38
538.753	87.38
538.876	7.38
538.999	-53.62
539.123	-27.62
539.246	81.38
539.369	63.38
539.492	-40.62
539.615	-53.62
539.738	81.38
539.861	-14.62
539.984	-34.62
540.107	12.38
540.23	-23.62
540.353	-89.62
540.476	-120.62
540.599	-8.62
540.722	-113.62
540.846	-34.62
540.969	-113.62
541.092	-0.62
541.215	-32.62
541.338	-31.62
541.461	-84.62
541.584	-20.62
541.707	-44.62
541.83	-64.62
541.953	-47.62
542.076	40.38
542.199	4.38
542.322	54.38
542.445	44.38
542.567	-64.62
542.69	24.38
542.813	-85.62
542.936	14.38
543.059	0.38
543.182	145.38
543.305	8.38
543.428	11.38
543.551	21.38
543.674	111.38
543.797	-12.62
543.92	-25.62
544.043	138.38
544.166	-24.62
544.288	-22.62
544.411	-5.62
544.534	-44.62
544.657	-67.62
544.78	-85.62
544.903	-26.62
545.026	27.38
545.149	-36.62
545.271	-76.62
545.394	-2.62
545.517	-65.62
545.64	131.38
545.763	-35.62
545.886	-65.62
546.008	7.38
546.131	67.38
546.254	-7.62
546.377	-93.62
546.5	48.38
546.623	85.38
546.745	-55.62
546.868	-46.62
546.991	76.38
547.114	22.38
547.236	-60.62
547.359	-56.62
547.482	53.38
547.605	-4.62
547.728	-80.62
547.85	-83.62
547.973	-37.62
548.096	21.38
548.219	-33.62
548.341	-51.62
548.464	-29.62
548.587	11.38
548.709	-27.62
548.832	-5.62
548.955	95.38
549.078	28.38
549.2	-69.62
549.323	-61.62
549.446	144.38
549.568	12.38
549.691	-20.62
549.814	-8.62
549.936	-45.62
550.059	31.38
550.182	-74.62
550.304	-82.62
550.427	-10.62
550.55	14.38
550.672	-89.62
550.795	96.38
550.917	-48.62
551.04	41.38
551.163	-11.62
551.285	3.38
551.408	44.38
551.531	176.38
551.653	-75.62
551.776	-7.62
551.898	39.38
552.021	29.38
552.143	-52.62
552.266	-58.62
552.389	7.38
552.511	-43.62
552.634	-75.62
552.756	-40.62
552.879	119.38
553.001	38.38
553.124	-114.62
553.246	-52.62
553.369	43.38
553.492	20.38
553.614	8.38
553.737	-111.62
553.859	57.38
553.982	43.38
554.104	-51.62
554.227	-74.62
554.349	18.38
554.472	12.38
554.594	-140.62
554.716	41.38
554.839	37.38
554.961	18.38
555.084	-118.62
555.206	-0.62
555.329	-32.62
555.451	-33.62
555.574	-29.62
555.696	-49.62
555.819	-20.62
555.941	0.38
556.063	-8.62
556.186	-57.62
556.308	3.38
556.431	121.38
556.553	-20.62
556.675	-63.62
556.798	3.38
556.92	46.38
557.043	-71.62
557.165	-111.62
557.287	66.38
557.41	1.38
557.532	-37.62
557.654	-36.62
557.777	72.38
557.899	14.38
558.021	-20.62
558.144	12.38
558.266	43.38
558.388	115.38
558.511	-77.62
558.633	3.38
558.755	-21.62
558.878	-23.62
559	-7.62
559.122	-100.62
559.244	-103.62
559.367	42.38
559.489	6.38
559.611	61.38
559.734	23.38
559.856	29.38
559.978	-45.62
560.1	-29.62
560.223	3.38
560.345	74.38
560.467	-106.62
560.589	-24.62
560.712	12.38
560.834	124.38
560.956	-71.62
561.078	-83.62
561.2	42.38
561.323	61.38
561.445	-114.62
561.567	-75.62
561.689	-62.62
561.811	83.38
561.934	-53.62
562.056	-11.62
562.178	19.38
562.3	6.38
562.422	2.38
562.544	-38.62
562.666	137.38
562.789	40.38
562.911	-71.62
563.033	-25.62
563.155	83.38
563.277	4.38
563.399	-160.62
563.521	-73.62
563.643	-6.62
563.766	13.38
563.888	-28.62
564.01	-48.62
564.132	-29.62
564.254	-86.62
564.376	-6.62
564.498	-12.62
564.62	135.38
564.742	44.38
564.864	-146.62
564.986	-10.62
565.108	122.38
565.23	-47.62
565.352	-35.62
565.474	-9.62
565.597	94.38
565.719	57.38
565.841	-114.62
565.963	-34.62
566.085	34.38
566.207	-7.62
566.329	-15.62
566.451	13.38
566.573	4.38
566.695	58.38
566.817	28.38
566.938	-85.62
567.06	-5.62
567.182	56.38
567.304	-62.62
567.426	-112.62
567.548	36.38
567.67	-27.62
567.792	-39.62
567.914	-60.62
568.036	43.38
568.158	-53.62
568.28	-77.62
568.402	28.38
568.524	7.38
568.646	-41.62
568.767	-56.62
568.889	28.38
569.011	17.38
569.133	-12.62
569.255	-106.62
569.377	-63.62
569.499	-2.62
569.621	44.38
569.742	12.38
569.864	39.38
569.986	86.38
570.108	90.38
570.23	-128.62
570.352	27.38
570.473	39.38
570.595	38.38
570.717	-78.62
570.839	-57.62
570.961	38.38
571.082	5.38
571.204	-53.62
571.326	-41.62
571.448	64.38
571.57	94.38
571.691	-39.62
571.813	-8.62
571.935	66.38
572.057	23.38
572.178	-44.62
572.3	7.38
572.422	83.38
572.544	139.38
572.665	-70.62
572.787	-51.62
572.909	73.38
573.031	85.38
573.152	-91.62
573.274	-19.62
573.396	72.38
573.517	38.38
573.639	-158.62
573.761	-67.62
573.882	-0.62
574.004	90.38
574.126	-134.62
574.247	3.38
574.369	51.38
574.491	9.38
574.612	-80.62
574.734	-55.62
574.856	-13.62
574.977	89.38
575.099	-92.62
575.221	-29.62
575.342	37.38
575.464	16.38
575.585	-44.62
575.707	-79.62
575.829	87.38
575.95	40.38
576.072	-56.62
576.193	-57.62
576.315	38.38
576.437	14.38
576.558	-91.62
576.68	-30.62
576.801	164.38
576.923	-11.62
577.044	34.38
577.166	-123.62
577.287	65.38
577.409	14.38
577.531	-100.62
577.652	-47.62
577.774	-39.62
577.895	28.38
578.017	-91.62
578.138	-62.62
578.26	48.38
578.381	51.38
578.503	-69.62
578.624	-93.62
578.746	-0.62
578.867	12.38
578.988	-39.62
579.11	38.38
579.231	43.38
579.353	43.38
579.474	-63.62
579.596	-80.62
579.717	47.38
579.839	52.38
579.96	-140.62
580.081	-19.62
580.203	17.38
580.324	62.38
580.446	-43.62
580.567	-56.62
580.688	115.38
580.81	-14.62
580.931	-52.62
581.053	-121.62
581.174	20.38
581.295	62.38
581.417	-30.62
581.538	-13.62
581.659	55.38
581.781	30.38
581.902	-98.62
582.024	-64.62
582.145	-87.62
582.266	22.38
582.388	-85.62
582.509	-88.62
582.63	-10.62
582.751	2.38
582.873	-111.62
582.994	-37.62
583.115	16.38
583.237	66.38
583.358	-63.62
583.479	-103.62
583.6	106.38
583.722	29.38
583.843	-104.62
583.964	16.38
584.086	-8.62
584.207	70.38
584.328	-70.62
584.449	-33.62
584.57	53.38
584.692	28.38
584.813	164.38
584.934	-24.62
585.055	-16.62
585.177	59.38
585.298	-15.62
585.419	-95.62
585.54	81.38
585.661	67.38
585.783	-76.62
585.904	-79.62
586.025	62.38
586.146	-7.62
586.267	-91.62
586.388	0.38
586.51	133.38
586.631	14.38
586.752	-99.62
586.873	-75.62
586.994	-33.62
587.115	-29.62
587.236	-97.62
587.357	-100.62
587.479	-24.62
587.6	2.38
587.721	-84.62
587.842	-74.62
587.963	68.38
588.084	120.38
588.205	-65.62
588.326	-69.62
588.447	38.38
588.568	35.38
588.689	-31.62
588.81	15.38
588.931	35.38
589.052	32.38
589.174	-96.62
589.295	-45.62
589.416	29.38
589.537	92.38
589.658	-76.62
589.779	-81.62
589.9	80.38
590.021	35.38
590.142	-27.62
590.263	-165.62
590.384	51.38
590.505	91.38
590.626	-73.62
590.747	-21.62
590.867	83.38
590.988	80.38
591.109	-32.62
591.23	-26.62
591.351	83.38
591.472	102.38
591.593	-55.62
591.714	-27.62
591.835	-29.62
591.956	45.38
592.077	-100.62
592.198	-15.62
592.319	69.38
592.44	41.38
592.56	-43.62
592.681	-90.62
592.802	-61.62
592.923	45.38
593.044	-129.62
593.165	-82.62
593.286	85.38
593.407	8.38
593.527	-12.62
593.648	-54.62
593.769	9.38
593.89	69.38
594.011	-15.62
594.132	-121.62
594.252	-50.62
594.373	-15.62
594.494	-98.62
594.615	-50.62
594.736	29.38
594.856	26.38
594.977	-106.62
595.098	-4.62
595.219	-10.62
595.34	54.38
595.46	-138.62
595.581	39.38
595.702	42.38
595.823	-76.62
595.943	-57.62
596.064	-50.62
596.185	113.38
596.306	-103.62
596.426	-62.62
596.547	-90.62
596.668	94.38
596.788	91.38
596.909	-63.62
597.03	6.38
597.151	25.38
597.271	24.38
597.392	-57.62
597.513	-26.62
597.633	59.38
597.754	60.38
597.875	-70.62
597.995	68.38
598.116	55.38
598.237	2.38
598.357	-71.62
598.478	-52.62
598.599	169.38
598.719	53.38
598.84	-89.62
598.96	-11.62
599.081	87.38
599.202	96.38
599.322	20.38
599.443	275.38
599.563	1582.38
599.684	4155.38
599.805	6342.38
599.925	7717.38
600.046	9101.38
600.166	9847.38
600.287	10598.38
600.407	11287.38
600.528	10568.38
600.649	7642.38
600.769	3930.38
600.89	1755.38
601.01	892.38
601.131	508.38
601.251	331.38
601.372	176.38
601.492	61.38
601.613	132.38
601.733	68.38
601.854	250.38
601.974	312.38
602.095	217.38
602.215	38.38
602.336	1.38
602.456	173.38
602.577	56.38
602.697	218.38
602.817	37.38
602.938	46.38
603.058	125.38
603.179	-61.62
603.299	-25.62
603.42	43.38
603.54	75.38
603.66	-48.62
603.781	-31.62
603.901	18.38
604.022	129.38
604.142	-51.62
604.262	-3.62
604.383	29.38
604.503	80.38
604.624	-32.62
604.744	2.38
604.864	47.38
604.985	51.38
605.105	-14.62
605.225	-18.62
605.346	29.38
605.466	118.38
605.586	36.38
605.707	122.38
605.827	-42.62
605.947	26.38
606.068	-31.62
606.188	-24.62
606.308	-4.62
606.429	136.38
606.549	-65.62
606.669	-78.62
606.789	-8.62
606.91	73.38
607.03	-69.62
607.15	-32.62
607.27	47.38
607.391	98.38
607.511	-74.62
607.631	-53.62
607.751	149.38
607.872	54.38
607.992	-105.62
608.112	35.38
608.232	-21.62
608.353	-18.62
608.473	0.38
608.593	45.38
608.713	84.38
608.833	90.38
608.954	-36.62
609.074	-67.62
609.194	-2.62
609.314	72.38
609.434	-17.62
609.554	-15.62
609.675	69.38
609.795	19.38
609.915	-76.62
610.035	62.38
610.155	41.38
610.275	50.38
610.395	23.38
610.516	-83.62
610.636	27.38
610.756	6.38
610.876	12.38
610.996	-89.62
611.116	76.38
611.236	-158.62
611.356	-95.62
611.476	-30.62
611.596	-21.62
611.716	95.38
611.836	-103.62
611.957	-83.62
612.077	-55.62
612.197	40.38
612.317	-81.62
612.437	39.38
612.557	51.38
612.677	-6.62
612.797	-58.62
612.917	-29.62
613.037	47.38
613.157	24.38
613.277	-49.62
613.397	64.38
613.517	112.38
613.637	43.38
613.757	-72.62
613.877	-57.62
613.997	100.38
614.117	26.38
614.237	-36.62
614.356	-24.62
614.476	108.38
614.596	89.38
614.716	-62.62
614.836	-39.62
614.956	37.38
615.076	64.38
615.196	-105.62
615.316	-58.62
615.436	44.38
615.556	135.38
615.676	54.38
615.795	-1.62
615.915	14.38
616.035	-1.62
616.155	-70.62
616.275	-90.62
616.395	-17.62
616.515	78.38
616.635	-109.62
616.754	-116.62
616.874	41.38
616.994	32.38
617.114	8.38
617.234	-0.62
617.354	47.38
617.473	200.38
617.593	-86.62
617.713	-55.62
617.833	54.38
617.953	44.38
618.072	-129.62
618.192	-44.62
618.312	86.38
618.432	159.38
618.551	-82.62
618.671	-43.62
618.791	99.38
618.911	72.38
619.03	-72.62
619.15	-26.62
619.27	6.38
619.39	-22.62
619.509	-50.62
619.629	-35.62
619.749	-11.62
619.868	73.38
619.988	-128.62
620.108	-55.62
620.228	272.38
620.347	72.38
620.467	-54.62
620.587	-94.62
620.706	93.38
620.826	24.38
620.946	-79.62
621.065	13.38
621.185	122.38
621.305	11.38
621.424	-53.62
621.544	-123.62
621.663	105.38
621.783	45.38
621.903	29.38
622.022	-66.62
622.142	18.38
622.261	70.38
622.381	-18.62
622.501	20.38
622.62	18.38
622.74	-1.62
622.859	-57.62
622.979	29.38
623.099	-20.62
623.218	82.38
623.338	3.38
623.457	-0.62
623.577	54.38
623.696	53.38
623.816	-115.62
623.935	-73.62
624.055	17.38
624.174	79.38
624.294	-86.62
624.413	-95.62
624.533	113.38
624.652	1.38
624.772	-72.62
624.891	-143.62
625.011	88.38
625.13	54.38
625.25	-100.62
625.369	-58.62
625.489	33.38
625.608	-19.62
625.728	-29.62
625.847	-38.62
625.966	32.38
626.086	-22.62
626.205	-87.62
626.325	-18.62
626.444	-49.62
626.564	147.38
626.683	20.38
626.802	20.38
626.922	144.38
627.041	79.38
627.161	-65.62
627.28	22.38
627.399	49.38
627.519	65.38
627.638	-159.62
627.757	-88.62
627.877	31.38
627.996	75.38
628.115	-18.62
628.235	6.38
628.354	-58.62
628.473	60.38
628.593	-33.62
628.712	-24.62
628.831	34.38
628.951	-40.62
629.07	12.38
629.189	-33.62
629.309	33.38
629.428	154.38
629.547	-101.62
629.666	-18.62
629.786	46.38
629.905	-28.62
630.024	4.38
630.143	-27.62
630.263	3.38
630.382	79.38
630.501	-97.62
630.62	-81.62
630.74	-31.62
630.859	55.38
630.978	-53.62
631.097	-84.62
631.216	26.38
631.336	222.38
631.455	-92.62
631.574	-52.62
631.693	43.38
631.812	42.38
631.932	-118.62
632.051	10.38
632.17	148.38
632.289	98.38
632.408	-93.62
632.527	-75.62
632.646	84.38
632.766	33.38
632.885	39.38
633.004	-119.62
633.123	-3.62
633.242	47.38
633.361	133.38
633.48	-33.62
633.599	-1.62
633.718	105.38
633.838	-93.62
633.957	-52.62
634.076	39.38
634.195	61.38
634.314	-35.62
634.433	-57.62
634.552	8.38
634.671	22.38
634.79	26.38
634.909	2.38
635.028	22.38
635.147	106.38
635.266	-77.62
635.385	-17.62
635.504	-21.62
635.623	96.38
635.742	-95.62
635.861	-136.62
635.98	102.38
636.099	49.38
636.218	-60.62
636.337	-61.62
636.456	135.38
636.575	36.38
636.694	-44.62
636.813	-138.62
636.932	-42.62
637.051	62.38
637.17	-158.62
637.289	-44.62
637.408	-55.62
637.526	110.38
637.645	-162.62
637.764	-124.62
637.883	-4.62
638.002	118.38
638.121	57.38
638.24	-53.62
638.359	115.38
638.478	35.38
638.597	-103.62
638.715	78.38
638.834	22.38
638.953	79.38
639.072	-89.62
639.191	-114.62
639.31	76.38
639.428	72.38
639.547	-41.62
639.666	8.38
639.785	22.38
639.904	87.38
640.023	-90.62
640.141	-89.62
640.26	54.38
640.379	26.38
640.498	-125.62
640.616	-38.62
640.735	27.38
640.854	113.38
640.973	-77.62
641.092	-13.62
641.21	19.38
641.329	76.38
641.448	-35.62
641.567	71.38
641.685	-24.62
641.804	89.38
641.923	-54.62
642.041	-74.62
642.16	57.38
642.279	88.38
642.398	-70.62
642.516	-93.62
642.635	96.38
642.754	68.38
642.872	-18.62
642.991	-15.62
643.11	6.38
643.228	50.38
643.347	-162.62
643.466	-109.62
643.584	25.38
643.703	182.38
643.821	-73.62
643.94	-42.62
644.059	111.38
644.177	94.38
644.296	-123.62
644.415	-65.62
644.533	66.38
644.652	42.38
644.77	-137.62
644.889	-107.62
645.008	136.38
645.126	13.38
645.245	-3.62
645.363	-33.62
645.482	-8.62
645.6	33.38
645.719	-78.62
645.837	-76.62
645.956	105.38
646.074	35.38
646.193	-77.62
646.312	-15.62
646.43	52.38
646.549	187.38
646.667	-173.62
646.786	-103.62
646.904	111.38
647.023	106.38
647.141	-94.62
647.26	-16.62
647.378	175.38
647.496	71.38
647.615	-69.62
647.733	-26.62
647.852	146.38
647.97	86.38
648.089	-11.62
648.207	-32.62
648.326	124.38
648.444	22.38
648.562	-75.62
648.681	-50.62
648.799	70.38
648.918	85.38
649.036	-62.62
649.154	-85.62
649.273	93.38
649.391	104.38
649.51	-84.62
649.628	-120.62
649.746	153.38
649.865	73.38
649.983	-84.62
650.101	-55.62
650.22	56.38
650.338	93.38
650.456	-97.62
650.575	-100.62
650.693	14.38
650.811	105.38
650.93	-112.62
651.048	220.38
651.166	160.38
651.285	66.38
651.403	-15.62
651.521	-27.62
651.639	113.38
651.758	125.38
651.876	-5.62
651.994	-121.62
652.112	17.38
652.231	78.38
652.349	-84.62
652.467	-142.62
652.585	47.38
652.704	88.38
652.822	-126.62
652.94	-112.62
653.058	39.38
653.176	29.38
653.295	-77.62
653.413	-33.62
653.531	17.38
653.649	77.38
653.767	-119.62
653.886	-127.62
654.004	-114.62
654.122	46.38
654.24	-132.62
654.358	-145.62
654.476	-5.62
654.594	120.38
654.713	-51.62
654.831	-107.62
654.949	41.38
655.067	46.38
655.185	-88.62
655.303	-40.62
655.421	49.38
655.539	120.38
655.658	-62.62
655.776	-67.62
655.894	111.38
656.012	87.38
656.13	-160.62
656.248	-58.62
656.366	33.38
656.484	7.38
656.602	-104.62
656.72	-86.62
656.838	6.38
656.956	80.38
657.074	-69.62
657.192	-49.62
657.31	2.38
657.428	30.38
657.546	-79.62
657.664	-31.62
657.782	90.38
657.9	120.38
658.018	-99.62
658.136	-97.62
658.254	66.38
658.372	92.38
658.49	-85.62
658.608	-71.62
658.726	66.38
658.844	54.38
658.962	-96.62
659.08	-124.62
659.198	75.38
659.316	125.38
