Data from 650_HR4D30811__0__00.txt Node

197.25	-1065.69
197.385	-1065.69
197.519	-1065.69
197.653	-1027.69
197.787	106.31
197.922	-106.69
198.056	45.31
198.19	4.31
198.324	8.31
198.459	-178.69
198.593	291.31
198.727	-14.69
198.861	-99.69
198.996	145.31
199.13	-175.69
199.264	-114.69
199.398	-25.69
199.533	221.31
199.667	95.31
199.801	-30.69
199.935	-182.69
200.07	1.31
200.204	0.31
200.338	-105.69
200.472	-135.69
200.606	-251.69
200.741	-110.69
200.875	-87.69
201.009	-94.69
201.143	-154.69
201.277	71.31
201.412	75.31
201.546	131.31
201.68	131.31
201.814	-107.69
201.948	40.31
202.082	-78.69
202.217	-237.69
202.351	-80.69
202.485	-0.69
202.619	-204.69
202.753	-240.69
202.887	226.31
203.021	97.31
203.156	138.31
203.29	23.31
203.424	-38.69
203.558	-138.69
203.692	-60.69
203.826	-203.69
203.96	-63.69
204.094	111.31
204.229	-121.69
204.363	-145.69
204.497	-229.69
204.631	-192.69
204.765	-159.69
204.899	-123.69
205.033	-77.69
205.167	-159.69
205.301	10.31
205.435	-217.69
205.569	-51.69
205.704	-55.69
205.838	-212.69
205.972	-79.69
206.106	342.31
206.24	-136.69
206.374	-144.69
206.508	19.31
206.642	6.31
206.776	-87.69
206.91	110.31
207.044	19.31
207.178	98.31
207.312	24.31
207.446	-88.69
207.58	-114.69
207.714	-188.69
207.848	81.31
207.982	-272.69
208.116	21.31
208.25	-178.69
208.384	-123.69
208.518	-153.69
208.652	-179.69
208.786	-168.69
208.92	152.31
209.054	-42.69
209.188	-216.69
209.322	-102.69
209.456	-84.69
209.59	-191.69
209.724	-55.69
209.858	-28.69
209.992	-81.69
210.126	-98.69
210.26	-126.69
210.394	-51.69
210.528	-12.69
210.662	-153.69
210.796	-131.69
210.929	104.31
211.063	1.31
211.197	-62.69
211.331	-12.69
211.465	-147.69
211.599	31.31
211.733	68.31
211.867	-158.69
212.001	-117.69
212.135	-15.69
212.269	-204.69
212.402	-165.69
212.536	78.31
212.67	-68.69
212.804	-199.69
212.938	55.31
213.072	-149.69
213.206	-50.69
213.34	-115.69
213.473	-113.69
213.607	60.31
213.741	-178.69
213.875	-200.69
214.009	-142.69
214.143	-116.69
214.277	-88.69
214.41	-181.69
214.544	158.31
214.678	95.31
214.812	187.31
214.946	-171.69
215.08	-139.69
215.213	-137.69
215.347	-44.69
215.481	-55.69
215.615	-256.69
215.749	7.31
215.882	-131.69
216.016	-208.69
216.15	56.31
216.284	144.31
216.418	7.31
216.551	49.31
216.685	37.31
216.819	-193.69
216.953	-101.69
217.086	159.31
217.22	-117.69
217.354	25.31
217.488	65.31
217.621	60.31
217.755	-18.69
217.889	-100.69
218.023	-19.69
218.156	59.31
218.29	59.31
218.424	136.31
218.558	-160.69
218.691	-275.69
218.825	-92.69
218.959	296.31
219.092	-91.69
219.226	-266.69
219.36	-197.69
219.494	-20.69
219.627	-118.69
219.761	-151.69
219.895	-102.69
220.028	-224.69
220.162	420.31
220.296	105.31
220.429	-44.69
220.563	-34.69
220.697	-10.69
220.83	-178.69
220.964	-126.69
221.098	-215.69
221.231	-183.69
221.365	-2.69
221.499	-145.69
221.632	-155.69
221.766	34.31
221.9	-114.69
222.033	-169.69
222.167	37.31
222.3	-95.69
222.434	-56.69
222.568	172.31
222.701	-122.69
222.835	-79.69
222.968	-158.69
223.102	-155.69
223.236	-184.69
223.369	24.31
223.503	-20.69
223.636	-172.69
223.77	-87.69
223.904	-7.69
224.037	-121.69
224.171	52.31
224.304	-3.69
224.438	-103.69
224.571	-69.69
224.705	101.31
224.839	-18.69
224.972	-224.69
225.106	-42.69
225.239	-49.69
225.373	20.31
225.506	-15.69
225.64	24.31
225.773	-95.69
225.907	-142.69
226.04	-221.69
226.174	-86.69
226.307	-36.69
226.441	-132.69
226.575	43.31
226.708	83.31
226.842	-103.69
226.975	-116.69
227.109	-130.69
227.242	-1.69
227.375	44.31
227.509	-21.69
227.642	-71.69
227.776	27.31
227.909	35.31
228.043	-164.69
228.176	142.31
228.31	-185.69
228.443	222.31
228.577	-55.69
228.71	-66.69
228.844	-15.69
228.977	-229.69
229.111	-102.69
229.244	79.31
229.377	-221.69
229.511	-28.69
229.644	-127.69
229.778	-113.69
229.911	-146.69
230.044	-109.69
230.178	-36.69
230.311	-152.69
230.445	20.31
230.578	-142.69
230.711	-51.69
230.845	259.31
230.978	49.31
231.112	-150.69
231.245	-184.69
231.378	-169.69
231.512	22.31
231.645	-302.69
231.779	-247.69
231.912	-52.69
232.045	44.31
232.179	-127.69
232.312	-81.69
232.445	88.31
232.579	169.31
232.712	87.31
232.845	-128.69
232.979	-242.69
233.112	43.31
233.245	-61.69
233.379	-201.69
233.512	-4.69
233.645	-176.69
233.779	-174.69
233.912	61.31
234.045	-102.69
234.179	31.31
234.312	-113.69
234.445	17.31
234.578	-22.69
234.712	20.31
234.845	30.31
234.978	-139.69
235.112	-7.69
235.245	80.31
235.378	-116.69
235.511	-42.69
235.645	16.31
235.778	6.31
235.911	-98.69
236.044	-201.69
236.178	191.31
236.311	-191.69
236.444	-164.69
236.577	-170.69
236.711	-19.69
236.844	-322.69
236.977	-96.69
237.11	-140.69
237.243	29.31
237.377	-214.69
237.51	-158.69
237.643	685.31
237.776	-86.69
237.909	-128.69
238.043	-5.69
238.176	-152.69
238.309	-50.69
238.442	-242.69
238.575	-60.69
238.709	309.31
238.842	44.31
238.975	-26.69
239.108	146.31
239.241	-199.69
239.374	-167.69
239.508	-155.69
239.641	159.31
239.774	219.31
239.907	-45.69
240.04	-183.69
240.173	29.31
240.306	132.31
240.44	-129.69
240.573	109.31
240.706	-110.69
240.839	20.31
240.972	-49.69
241.105	-25.69
241.238	27.31
241.371	-22.69
241.504	2.31
241.638	-95.69
241.771	-19.69
241.904	-115.69
242.037	12.31
242.17	-147.69
242.303	-242.69
242.436	-70.69
242.569	-91.69
242.702	-152.69
242.835	-117.69
242.968	-24.69
243.101	-68.69
243.234	-154.69
243.367	-184.69
243.5	-95.69
243.634	-138.69
243.767	-230.69
243.9	-180.69
244.033	-167.69
244.166	70.31
244.299	-244.69
244.432	-200.69
244.565	12.31
244.698	-235.69
244.831	-129.69
244.964	-174.69
245.097	-153.69
245.23	24.31
245.363	87.31
245.496	-185.69
245.629	-105.69
245.762	297.31
245.895	-184.69
246.028	-127.69
246.161	290.31
246.294	35.31
246.427	-179.69
246.559	66.31
246.692	-47.69
246.825	-99.69
246.958	-193.69
247.091	-194.69
247.224	-226.69
247.357	-131.69
247.49	106.31
247.623	-120.69
247.756	-188.69
247.889	176.31
248.022	-60.69
248.155	-209.69
248.288	-60.69
248.421	-152.69
248.553	59.31
248.686	-170.69
248.819	24.31
248.952	-153.69
249.085	127.31
249.218	-31.69
249.351	-49.69
249.484	105.31
249.617	-62.69
249.749	-184.69
249.882	-143.69
250.015	-185.69
250.148	-119.69
250.281	-172.69
250.414	-90.69
250.547	-112.69
250.679	130.31
250.812	-72.69
250.945	9.31
251.078	-192.69
251.211	-118.69
251.344	-200.69
251.476	-102.69
251.609	26.31
251.742	-190.69
251.875	-48.69
252.008	-138.69
252.14	-234.69
252.273	-84.69
252.406	110.31
252.539	-23.69
252.672	-53.69
252.804	89.31
252.937	-188.69
253.07	-54.69
253.203	-85.69
253.335	64.31
253.468	-223.69
253.601	-103.69
253.734	-53.69
253.866	-84.69
253.999	292.31
254.132	-17.69
254.265	-106.69
254.397	-142.69
254.53	-124.69
254.663	27.31
254.796	-133.69
254.928	-196.69
255.061	-179.69
255.194	-27.69
255.327	-231.69
255.459	-35.69
255.592	-169.69
255.725	140.31
255.857	-170.69
255.99	25.31
256.123	-167.69
256.255	-165.69
256.388	-11.69
256.521	-175.69
256.653	-182.69
256.786	-154.69
256.919	-132.69
257.051	-170.69
257.184	-37.69
257.317	-138.69
257.449	-157.69
257.582	-44.69
257.715	-133.69
257.847	-173.69
257.98	-62.69
258.113	-122.69
258.245	-85.69
258.378	-237.69
258.51	-152.69
258.643	-196.69
258.776	25.31
258.908	-226.69
259.041	-35.69
259.174	-135.69
259.306	-137.69
259.439	-242.69
259.571	-136.69
259.704	-93.69
259.837	122.31
259.969	-170.69
260.102	-167.69
260.234	133.31
260.367	92.31
260.499	-175.69
260.632	-73.69
260.765	-118.69
260.897	-142.69
261.03	-115.69
261.162	-37.69
261.295	-34.69
261.427	65.31
261.56	-64.69
261.692	-196.69
261.825	-62.69
261.957	64.31
262.09	58.31
262.222	5.31
262.355	-177.69
262.487	-72.69
262.62	-196.69
262.752	-41.69
262.885	-116.69
263.017	30.31
263.15	-139.69
263.282	-42.69
263.415	-192.69
263.547	-7.69
263.68	117.31
263.812	-227.69
263.945	-97.69
264.077	-159.69
264.21	131.31
264.342	-193.69
264.475	-150.69
264.607	114.31
264.74	-249.69
264.872	-75.69
265.004	95.31
265.137	51.31
265.269	223.31
265.402	-185.69
265.534	-109.69
265.667	-129.69
265.799	46.31
265.931	-65.69
266.064	2.31
266.196	-72.69
266.329	-141.69
266.461	-129.69
266.593	8.31
266.726	-236.69
266.858	-103.69
266.99	-58.69
267.123	-107.69
267.255	-43.69
267.388	-87.69
267.52	-181.69
267.652	-170.69
267.785	77.31
267.917	1.31
268.049	-96.69
268.182	277.31
268.314	45.31
268.446	-233.69
268.579	-137.69
268.711	132.31
268.843	-172.69
268.976	-50.69
269.108	293.31
269.24	98.31
269.373	-8.69
269.505	-138.69
269.637	-139.69
269.77	-155.69
269.902	93.31
270.034	-192.69
270.167	51.31
270.299	-5.69
270.431	52.31
270.563	-115.69
270.696	7.31
270.828	-51.69
270.96	-57.69
271.092	11.31
271.225	-170.69
271.357	-15.69
271.489	-126.69
271.621	-183.69
271.754	370.31
271.886	-145.69
272.018	-122.69
272.15	207.31
272.283	-174.69
272.415	-108.69
272.547	49.31
272.679	51.31
272.811	-74.69
272.944	-81.69
273.076	-248.69
273.208	-44.69
273.34	-54.69
273.473	-85.69
273.605	52.31
273.737	-166.69
273.869	0.31
274.001	-299.69
274.133	-2.69
274.266	-142.69
274.398	1044.31
274.53	40.31
274.662	119.31
274.794	0.31
274.926	47.31
275.059	-143.69
275.191	-39.69
275.323	-141.69
275.455	67.31
275.587	-164.69
275.719	-114.69
275.851	-113.69
275.983	8.31
276.116	20.31
276.248	87.31
276.38	-210.69
276.512	12.31
276.644	-138.69
276.776	-152.69
276.908	-13.69
277.04	-82.69
277.172	50.31
277.304	-109.69
277.437	-13.69
277.569	-121.69
277.701	-163.69
277.833	-49.69
277.965	-124.69
278.097	52.31
278.229	-150.69
278.361	-116.69
278.493	87.31
278.625	167.31
278.757	-1.69
278.889	-175.69
279.021	-110.69
279.153	321.31
279.285	-166.69
279.417	417.31
279.549	49.31
279.681	-63.69
279.813	-161.69
279.945	2.31
280.077	-160.69
280.209	796.31
280.341	-194.69
280.473	-118.69
280.605	71.31
280.737	2.31
280.869	125.31
281.001	-33.69
281.133	-231.69
281.265	12.31
281.397	-110.69
281.529	205.31
281.661	-180.69
281.793	-243.69
281.925	-172.69
282.057	-95.69
282.189	-124.69
282.321	8.31
282.453	41.31
282.585	-159.69
282.717	101.31
282.849	-66.69
282.98	-117.69
283.112	-154.69
283.244	-7.69
283.376	-181.69
283.508	-281.69
283.64	-167.69
283.772	71.31
283.904	72.31
284.036	-210.69
284.168	100.31
284.299	-9.69
284.431	-23.69
284.563	-100.69
284.695	-106.69
284.827	-157.69
284.959	-11.69
285.091	-181.69
285.222	-189.69
285.354	-137.69
285.486	-75.69
285.618	-177.69
285.75	-91.69
285.882	106.31
286.013	37.31
286.145	-45.69
286.277	28.31
286.409	82.31
286.541	65.31
286.673	-149.69
286.804	-141.69
286.936	-62.69
287.068	-157.69
287.2	-164.69
287.332	252.31
287.463	-219.69
287.595	-33.69
287.727	248.31
287.859	-88.69
287.99	-69.69
288.122	-119.69
288.254	28.31
288.386	-110.69
288.517	-224.69
288.649	-90.69
288.781	-1.69
288.913	-10.69
289.044	-185.69
289.176	145.31
289.308	-129.69
289.44	-258.69
289.571	-117.69
289.703	-186.69
289.835	53.31
289.967	-178.69
290.098	-225.69
290.23	-220.69
290.362	96.31
290.493	-233.69
290.625	-133.69
290.757	-117.69
290.888	-89.69
291.02	-27.69
291.152	4.31
291.283	-18.69
291.415	-88.69
291.547	-184.69
291.678	-160.69
291.81	-17.69
291.942	209.31
292.073	-17.69
292.205	-215.69
292.337	63.31
292.468	327.31
292.6	-104.69
292.732	444.31
292.863	-176.69
292.995	-233.69
293.126	26.31
293.258	124.31
293.39	-154.69
293.521	-177.69
293.653	-223.69
293.785	74.31
293.916	-165.69
294.048	-13.69
294.179	15.31
294.311	-168.69
294.442	19.31
294.574	-182.69
294.706	-77.69
294.837	43.31
294.969	-38.69
295.1	-146.69
295.232	-174.69
295.363	158.31
295.495	-93.69
295.627	-16.69
295.758	72.31
295.89	-255.69
296.021	10.31
296.153	13.31
296.284	-41.69
296.416	-80.69
296.547	-101.69
296.679	-44.69
296.81	-35.69
296.942	-224.69
297.073	-185.69
297.205	-201.69
297.336	-114.69
297.468	-153.69
297.599	-32.69
297.731	-237.69
297.862	-87.69
297.994	-232.69
298.125	-200.69
298.257	-65.69
298.388	-0.69
298.52	13.31
298.651	-64.69
298.782	219.31
298.914	-193.69
299.045	-110.69
299.177	-213.69
299.308	-200.69
299.44	16.31
299.571	-22.69
299.702	-123.69
299.834	-110.69
299.965	-104.69
300.097	-146.69
300.228	-25.69
300.36	-71.69
300.491	-78.69
300.622	8.31
300.754	-75.69
300.885	-152.69
301.017	-36.69
301.148	-125.69
301.279	-233.69
301.411	-29.69
301.542	-18.69
301.673	-22.69
301.805	4.31
301.936	-150.69
302.067	-86.69
302.199	-135.69
302.33	-171.69
302.461	219.31
302.593	12.31
302.724	-48.69
302.855	-196.69
302.987	-67.69
303.118	-193.69
303.249	-242.69
303.381	-107.69
303.512	-144.69
303.643	-163.69
303.775	72.31
303.906	-174.69
304.037	-179.69
304.169	-171.69
304.3	-119.69
304.431	-206.69
304.562	-169.69
304.694	-129.69
304.825	-40.69
304.956	79.31
305.087	-136.69
305.219	13.31
305.35	-55.69
305.481	-176.69
305.612	-8.69
305.744	-16.69
305.875	-128.69
306.006	362.31
306.137	-192.69
306.269	-67.69
306.4	55.31
306.531	88.31
306.662	-106.69
306.794	78.31
306.925	-173.69
307.056	-183.69
307.187	-10.69
307.318	-93.69
307.45	-106.69
307.581	-124.69
307.712	-183.69
307.843	-78.69
307.974	-62.69
308.105	81.31
308.237	81.31
308.368	-226.69
308.499	-116.69
308.63	24.31
308.761	-90.69
308.892	-65.69
309.024	-66.69
309.155	-123.69
309.286	-129.69
309.417	-207.69
309.548	-99.69
309.679	-113.69
309.81	-287.69
309.941	324.31
310.073	-59.69
310.204	-202.69
310.335	-25.69
310.466	-125.69
310.597	-153.69
310.728	-119.69
310.859	266.31
310.99	116.31
311.121	-68.69
311.252	-69.69
311.383	-181.69
311.514	-26.69
311.646	-99.69
311.777	0.31
311.908	-51.69
312.039	-102.69
312.17	-237.69
312.301	-58.69
312.432	-140.69
312.563	-245.69
312.694	-94.69
312.825	-107.69
312.956	-179.69
313.087	24.31
313.218	63.31
313.349	-92.69
313.48	-237.69
313.611	-106.69
313.742	-54.69
313.873	32.31
314.004	-44.69
314.135	-132.69
314.266	-17.69
314.397	-93.69
314.528	-206.69
314.659	-209.69
314.79	-156.69
314.921	39.31
315.052	2.31
315.183	-195.69
315.314	-204.69
315.445	62.31
315.576	-33.69
315.707	-105.69
315.838	-110.69
315.968	-3.69
316.099	-195.69
316.23	-230.69
316.361	92.31
316.492	-50.69
316.623	35.31
316.754	140.31
316.885	-289.69
317.016	-186.69
317.147	-254.69
317.278	93.31
317.408	-199.69
317.539	-209.69
317.67	-202.69
317.801	-38.69
317.932	-130.69
318.063	-140.69
318.194	-114.69
318.325	5.31
318.455	-239.69
318.586	-88.69
318.717	-10.69
318.848	-238.69
318.979	62.31
319.11	189.31
319.24	32.31
319.371	26.31
319.502	-70.69
319.633	-136.69
319.764	-109.69
319.895	-194.69
320.025	-50.69
320.156	-217.69
320.287	-319.69
320.418	-145.69
320.549	-66.69
320.679	-228.69
320.81	99.31
320.941	-249.69
321.072	-216.69
321.202	-24.69
321.333	181.31
321.464	-270.69
321.595	-174.69
321.726	190.31
321.856	-237.69
321.987	-111.69
322.118	-143.69
322.249	8.31
322.379	-57.69
322.51	4.31
322.641	-24.69
322.771	-189.69
322.902	-22.69
323.033	-64.69
323.164	528.31
323.294	-116.69
323.425	-132.69
323.556	-77.69
323.686	-39.69
323.817	291.31
323.948	54.31
324.078	10.31
324.209	302.31
324.34	220.31
324.47	694.31
324.601	796.31
324.732	1233.31
324.862	1402.31
324.993	1132.31
325.124	601.31
325.254	431.31
325.385	74.31
325.516	384.31
325.646	304.31
325.777	-79.69
325.908	-96.69
326.038	50.31
326.169	-72.69
326.299	-74.69
326.43	86.31
326.561	-115.69
326.691	-121.69
326.822	-179.69
326.952	-141.69
327.083	-29.69
327.214	-171.69
327.344	-40.69
327.475	-2.69
327.605	-28.69
327.736	-93.69
327.867	-184.69
327.997	-69.69
328.128	-67.69
328.258	-242.69
328.389	174.31
328.519	-193.69
328.65	2.31
328.78	-188.69
328.911	-10.69
329.041	87.31
329.172	-245.69
329.303	-171.69
329.433	-124.69
329.564	-178.69
329.694	-168.69
329.825	-156.69
329.955	-55.69
330.086	312.31
330.216	-121.69
330.347	-201.69
330.477	-93.69
330.608	-74.69
330.738	-96.69
330.868	-228.69
330.999	-109.69
331.129	111.31
331.26	-179.69
331.39	-147.69
331.521	115.31
331.651	65.31
331.782	-261.69
331.912	-178.69
332.043	-180.69
332.173	70.31
332.303	-249.69
332.434	88.31
332.564	10.31
332.695	-116.69
332.825	-252.69
332.956	-151.69
333.086	-69.69
333.216	-174.69
333.347	-44.69
333.477	-279.69
333.608	-77.69
333.738	-19.69
333.868	-93.69
333.999	-32.69
334.129	69.31
334.259	-59.69
334.39	-159.69
334.52	27.31
334.65	-105.69
334.781	96.31
334.911	-147.69
335.042	-184.69
335.172	-34.69
335.302	-61.69
335.433	156.31
335.563	-198.69
335.693	32.31
335.824	146.31
335.954	-272.69
336.084	-16.69
336.214	-23.69
336.345	227.31
336.475	43.31
336.605	-166.69
336.736	194.31
336.866	-76.69
336.996	-144.69
337.126	-193.69
337.257	-55.69
337.387	-252.69
337.517	-206.69
337.648	-254.69
337.778	92.31
337.908	67.31
338.038	-10.69
338.169	-131.69
338.299	178.31
338.429	-31.69
338.559	-162.69
338.69	-162.69
338.82	278.31
338.95	4.31
339.08	-330.69
339.21	-176.69
339.341	-35.69
339.471	31.31
339.601	-73.69
339.731	-25.69
339.861	-120.69
339.992	-108.69
340.122	-87.69
340.252	-188.69
340.382	-150.69
340.512	-55.69
340.642	121.31
340.773	-59.69
340.903	-199.69
341.033	-68.69
341.163	-41.69
341.293	81.31
341.423	-166.69
341.554	-187.69
341.684	-13.69
341.814	-101.69
341.944	-99.69
342.074	-53.69
342.204	-131.69
342.334	106.31
342.464	-206.69
342.595	-129.69
342.725	-221.69
342.855	-33.69
342.985	-101.69
343.115	-198.69
343.245	-264.69
343.375	-1.69
343.505	-64.69
343.635	1.31
343.765	-157.69
343.895	-273.69
344.025	6.31
344.155	-199.69
344.286	-120.69
344.416	-27.69
344.546	88.31
344.676	-65.69
344.806	96.31
344.936	-67.69
345.066	131.31
345.196	-133.69
345.326	-235.69
345.456	44.31
345.586	-199.69
345.716	-208.69
345.846	11.31
345.976	-276.69
346.106	-66.69
346.236	49.31
346.366	5.31
346.496	-157.69
346.626	-106.69
346.756	-146.69
346.886	-188.69
347.016	-252.69
347.146	-151.69
347.276	-186.69
347.406	-157.69
347.536	-38.69
347.666	89.31
347.795	-201.69
347.925	-110.69
348.055	86.31
348.185	-123.69
348.315	-131.69
348.445	50.31
348.575	-122.69
348.705	-190.69
348.835	-171.69
348.965	-109.69
349.095	-14.69
349.225	196.31
349.354	-174.69
349.484	-139.69
349.614	-127.69
349.744	-193.69
349.874	-165.69
350.004	-259.69
350.134	-204.69
350.264	-259.69
350.393	-210.69
350.523	69.31
350.653	-244.69
350.783	20.31
350.913	103.31
351.043	-188.69
351.173	-133.69
351.302	3.31
351.432	111.31
351.562	-74.69
351.692	-68.69
351.822	-139.69
351.951	-250.69
352.081	135.31
352.211	-81.69
352.341	90.31
352.471	94.31
352.6	-126.69
352.73	-150.69
352.86	-122.69
352.99	-18.69
353.12	-43.69
353.249	-45.69
353.379	-183.69
353.509	32.31
353.639	-224.69
353.768	-64.69
353.898	-180.69
354.028	-223.69
354.158	-129.69
354.287	-148.69
354.417	-194.69
354.547	-183.69
354.677	-291.69
354.806	-50.69
354.936	2.31
355.066	-125.69
355.195	-54.69
355.325	1.31
355.455	-173.69
355.584	150.31
355.714	-202.69
355.844	84.31
355.974	-24.69
356.103	-75.69
356.233	-142.69
356.363	12.31
356.492	-198.69
356.622	-211.69
356.752	-42.69
356.881	-270.69
357.011	25.31
357.14	71.31
357.27	-109.69
357.4	24.31
357.529	-98.69
357.659	76.31
357.789	-8.69
357.918	-209.69
358.048	-235.69
358.177	-75.69
358.307	-198.69
358.437	-64.69
358.566	-173.69
358.696	48.31
358.825	66.31
358.955	-238.69
359.085	12.31
359.214	-306.69
359.344	-101.69
359.473	-195.69
359.603	-99.69
359.733	-125.69
359.862	-281.69
359.992	-2.69
360.121	-148.69
360.251	7.31
360.38	-242.69
360.51	50.31
360.639	-110.69
360.769	-27.69
360.898	46.31
361.028	26.31
361.157	-66.69
361.287	-54.69
361.416	-194.69
361.546	-93.69
361.675	-113.69
361.805	-128.69
361.934	-7.69
362.064	-115.69
362.193	-121.69
362.323	-188.69
362.452	60.31
362.582	-163.69
362.711	-104.69
362.841	-13.69
362.97	-34.69
363.1	-168.69
363.229	-222.69
363.359	-117.69
363.488	-189.69
363.617	-60.69
363.747	-44.69
363.876	-264.69
364.006	-80.69
364.135	-93.69
364.265	-104.69
364.394	-138.69
364.523	181.31
364.653	-186.69
364.782	29.31
364.912	-180.69
365.041	-190.69
365.17	-194.69
365.3	-64.69
365.429	146.31
365.558	-134.69
365.688	-157.69
365.817	-182.69
365.947	-30.69
366.076	-46.69
366.205	-83.69
366.335	-249.69
366.464	-161.69
366.593	83.31
366.723	-110.69
366.852	-108.69
366.981	-58.69
367.111	-206.69
367.24	-105.69
367.369	-111.69
367.499	369.31
367.628	82.31
367.757	-111.69
367.886	-54.69
368.016	78.31
368.145	-92.69
368.274	-70.69
368.404	-236.69
368.533	-77.69
368.662	2.31
368.791	-160.69
368.921	-255.69
369.05	114.31
369.179	-62.69
369.308	201.31
369.438	-218.69
369.567	-229.69
369.696	-138.69
369.825	-33.69
369.955	-118.69
370.084	-21.69
370.213	-83.69
370.342	-216.69
370.472	-215.69
370.601	260.31
370.73	-7.69
370.859	-297.69
370.988	-122.69
371.118	-202.69
371.247	11.31
371.376	43.31
371.505	-45.69
371.634	-22.69
371.763	-100.69
371.893	-158.69
372.022	-113.69
372.151	-183.69
372.28	-232.69
372.409	-284.69
372.538	-102.69
372.667	-57.69
372.797	63.31
372.926	-235.69
373.055	-34.69
373.184	-113.69
373.313	-185.69
373.442	-24.69
373.571	-139.69
373.7	-84.69
373.83	-61.69
373.959	-282.69
374.088	-119.69
374.217	48.31
374.346	-126.69
374.475	-285.69
374.604	-163.69
374.733	188.31
374.862	-95.69
374.991	-177.69
375.12	-59.69
375.249	-19.69
375.378	-187.69
375.508	-232.69
375.637	-235.69
375.766	70.31
375.895	-123.69
376.024	102.31
376.153	-217.69
376.282	-106.69
376.411	-189.69
376.54	-337.69
376.669	-66.69
376.798	-129.69
376.927	-198.69
377.056	40.31
377.185	-61.69
377.314	49.31
377.443	154.31
377.572	-187.69
377.701	-178.69
377.83	81.31
377.959	-2.69
378.088	1170.31
378.217	94.31
378.346	-126.69
378.474	-296.69
378.603	-180.69
378.732	-73.69
378.861	-139.69
378.99	-206.69
379.119	-262.69
379.248	-72.69
379.377	-137.69
379.506	-127.69
379.635	94.31
379.764	-61.69
379.893	-169.69
380.022	-235.69
380.15	-52.69
380.279	-210.69
380.408	-185.69
380.537	-100.69
380.666	-6.69
380.795	-29.69
380.924	-89.69
381.053	-225.69
381.181	-18.69
381.31	538.31
381.439	-187.69
381.568	-128.69
381.697	-162.69
381.826	-120.69
381.955	-156.69
382.083	-75.69
382.212	-248.69
382.341	30.31
382.47	-165.69
382.599	-137.69
382.727	117.31
382.856	-3.69
382.985	-7.69
383.114	-100.69
383.243	-165.69
383.371	-78.69
383.5	-188.69
383.629	-192.69
383.758	-186.69
383.887	-308.69
384.015	-45.69
384.144	-236.69
384.273	-61.69
384.402	-15.69
384.53	-173.69
384.659	-224.69
384.788	-203.69
384.917	-172.69
385.045	-72.69
385.174	-106.69
385.303	-294.69
385.432	17.31
385.56	-89.69
385.689	-166.69
385.818	-60.69
385.946	-10.69
386.075	-163.69
386.204	-227.69
386.332	-83.69
386.461	61.31
386.59	21.31
386.718	-263.69
386.847	-137.69
386.976	-114.69
387.104	-269.69
387.233	-227.69
387.362	-87.69
387.49	-73.69
387.619	-209.69
387.748	-107.69
387.876	121.31
388.005	-51.69
388.134	100.31
388.262	-278.69
388.391	-174.69
388.52	-7.69
388.648	-225.69
388.777	37.31
388.905	-184.69
389.034	-128.69
389.163	-135.69
389.291	-102.69
389.42	13.31
389.548	54.31
389.677	-67.69
389.805	-78.69
389.934	-52.69
390.063	-218.69
390.191	-265.69
390.32	-198.69
390.448	-118.69
390.577	-200.69
390.705	-216.69
390.834	-98.69
390.962	-223.69
391.091	-176.69
391.22	88.31
391.348	72.31
391.477	-25.69
391.605	-266.69
391.734	-120.69
391.862	-162.69
391.991	-225.69
392.119	-217.69
392.248	-122.69
392.376	-114.69
392.505	-169.69
392.633	-136.69
392.762	227.31
392.89	-213.69
393.018	26.31
393.147	-118.69
393.275	-250.69
393.404	-219.69
393.532	-128.69
393.661	-67.69
393.789	-39.69
393.918	-105.69
394.046	-123.69
394.174	-122.69
394.303	-228.69
394.431	-140.69
394.56	-3.69
394.688	-234.69
394.817	-290.69
394.945	27.31
395.073	18.31
395.202	-58.69
395.33	-138.69
395.459	-131.69
395.587	58.31
395.715	15.31
395.844	-47.69
395.972	-308.69
396.1	80.31
396.229	-198.69
396.357	-25.69
396.485	-149.69
396.614	-158.69
396.742	63.31
396.87	-80.69
396.999	1.31
397.127	-227.69
397.255	-53.69
397.384	67.31
397.512	-258.69
397.64	-189.69
397.769	-108.69
397.897	-48.69
398.025	-144.69
398.154	-58.69
398.282	113.31
398.41	-54.69
398.538	-82.69
398.667	-155.69
398.795	-150.69
398.923	28.31
399.052	-151.69
399.18	-20.69
399.308	-106.69
399.436	150.31
399.565	-234.69
399.693	-69.69
399.821	-74.69
399.949	-145.69
400.078	169.31
400.206	-215.69
400.334	-222.69
400.462	-86.69
400.59	-256.69
400.719	-148.69
400.847	-218.69
400.975	-33.69
401.103	-195.69
401.231	-61.69
401.36	-87.69
401.488	-23.69
401.616	-128.69
401.744	-131.69
401.872	-198.69
402	-5.69
402.129	-162.69
402.257	-223.69
402.385	-127.69
402.513	-93.69
402.641	-136.69
402.769	-100.69
402.897	-178.69
403.026	-218.69
403.154	-274.69
403.282	-244.69
403.41	-145.69
403.538	102.31
403.666	-243.69
403.794	-125.69
403.922	-76.69
404.05	-71.69
404.179	-87.69
404.307	-40.69
404.435	-226.69
404.563	-196.69
404.691	-270.69
404.819	335.31
404.947	-215.69
405.075	-184.69
405.203	-258.69
405.331	-172.69
405.459	-198.69
405.587	-63.69
405.715	-166.69
405.843	-152.69
405.971	-82.69
406.099	115.31
406.227	-26.69
406.355	-125.69
406.483	-296.69
406.611	-15.69
406.739	-228.69
406.867	-237.69
406.995	-174.69
407.123	-169.69
407.251	-295.69
407.379	-219.69
407.507	-37.69
407.635	-67.69
407.763	-315.69
407.891	-191.69
408.019	-22.69
408.147	-8.69
408.275	113.31
408.403	-232.69
408.531	-273.69
408.659	121.31
408.787	-100.69
408.915	-161.69
409.043	-164.69
409.171	68.31
409.299	-10.69
409.427	47.31
409.554	-281.69
409.682	190.31
409.81	-54.69
409.938	-145.69
410.066	14.31
410.194	-66.69
410.322	-208.69
410.45	-162.69
410.578	-258.69
410.705	-192.69
410.833	-82.69
410.961	48.31
411.089	261.31
411.217	-137.69
411.345	-152.69
411.473	-206.69
411.6	-48.69
411.728	-145.69
411.856	-268.69
411.984	-258.69
412.112	-36.69
412.239	-71.69
412.367	-158.69
412.495	48.31
412.623	-189.69
412.751	4.31
412.878	-267.69
413.006	-145.69
413.134	60.31
413.262	134.31
413.39	-71.69
413.517	-60.69
413.645	21.31
413.773	-262.69
413.901	123.31
414.028	-115.69
414.156	-94.69
414.284	-218.69
414.412	21.31
414.539	-146.69
414.667	-162.69
414.795	-177.69
414.923	-322.69
415.05	-126.69
415.178	-23.69
415.306	217.31
415.433	-183.69
415.561	45.31
415.689	20.31
415.816	-191.69
415.944	101.31
416.072	-224.69
416.2	-40.69
416.327	154.31
416.455	-228.69
416.583	-166.69
416.71	-132.69
416.838	106.31
416.966	-240.69
417.093	-128.69
417.221	15.31
417.348	-47.69
417.476	-266.69
417.604	-160.69
417.731	-134.69
417.859	14.31
417.987	-76.69
418.114	-208.69
418.242	-13.69
418.369	-170.69
418.497	-249.69
418.625	108.31
418.752	-104.69
418.88	-234.69
419.007	75.31
419.135	-78.69
419.263	-205.69
419.39	-40.69
419.518	-56.69
419.645	-188.69
419.773	-189.69
419.9	-174.69
420.028	412.31
420.155	-210.69
420.283	13.31
420.41	-7.69
420.538	-142.69
420.666	-107.69
420.793	-149.69
420.921	-154.69
421.048	-45.69
421.176	-4.69
421.303	-86.69
421.431	-220.69
421.558	-269.69
421.686	28.31
421.813	-35.69
421.941	-180.69
422.068	-71.69
422.195	24.31
422.323	25.31
422.45	-262.69
422.578	-91.69
422.705	-167.69
422.833	-152.69
422.96	-194.69
423.088	-29.69
423.215	250.31
423.343	204.31
423.47	-57.69
423.597	154.31
423.725	-63.69
423.852	-110.69
423.98	-75.69
424.107	-268.69
424.234	-78.69
424.362	-119.69
424.489	-194.69
424.617	394.31
424.744	37.31
424.871	-208.69
424.999	-79.69
425.126	61.31
425.253	-43.69
425.381	-151.69
425.508	-202.69
425.636	-16.69
425.763	-162.69
425.89	-166.69
426.018	-259.69
426.145	-101.69
426.272	-79.69
426.4	29.31
426.527	76.31
426.654	-232.69
426.781	-74.69
426.909	-73.69
427.036	-79.69
427.163	-288.69
427.291	-218.69
427.418	-140.69
427.545	-88.69
427.673	-256.69
427.8	-268.69
427.927	-257.69
428.054	-54.69
428.182	-102.69
428.309	-138.69
428.436	-170.69
428.563	-221.69
428.691	-69.69
428.818	-163.69
428.945	10.31
429.072	-233.69
429.2	-72.69
429.327	-40.69
429.454	-11.69
429.581	-110.69
429.708	-282.69
429.836	-194.69
429.963	-159.69
430.09	-178.69
430.217	-155.69
430.344	-241.69
430.472	-244.69
430.599	-26.69
430.726	-179.69
430.853	-83.69
430.98	-63.69
431.107	-214.69
431.235	-94.69
431.362	-19.69
431.489	-95.69
431.616	177.31
431.743	55.31
431.87	-241.69
431.997	-132.69
432.125	-79.69
432.252	-348.69
432.379	-121.69
432.506	-13.69
432.633	-176.69
432.76	-117.69
432.887	48.31
433.014	-146.69
433.141	-202.69
433.268	8.31
433.395	-163.69
433.523	-91.69
433.65	-166.69
433.777	-163.69
433.904	-144.69
434.031	-280.69
434.158	-36.69
434.285	19.31
434.412	-251.69
434.539	-123.69
434.666	-239.69
434.793	-205.69
434.92	-204.69
435.047	-21.69
435.174	-130.69
435.301	4.31
435.428	159.31
435.555	131.31
435.682	-64.69
435.809	-218.69
435.936	42.31
436.063	-195.69
436.19	88.31
436.317	-210.69
436.444	-32.69
436.571	-191.69
436.698	-29.69
436.825	57.31
436.952	-8.69
437.079	-56.69
437.206	-6.69
437.333	-219.69
437.46	-138.69
437.587	-127.69
437.714	-250.69
437.84	-115.69
437.967	-257.69
438.094	-276.69
438.221	34.31
438.348	-139.69
438.475	5630.31
438.602	-252.69
438.729	-331.69
438.856	-216.69
438.983	-223.69
439.109	-24.69
439.236	20.31
439.363	-284.69
439.49	-149.69
439.617	-125.69
439.744	-184.69
439.871	280.31
439.997	-182.69
440.124	-36.69
440.251	-75.69
440.378	-186.69
440.505	-123.69
440.632	53.31
440.758	104.31
440.885	119.31
441.012	-199.69
441.139	42.31
441.266	-225.69
441.392	-195.69
441.519	-201.69
441.646	-249.69
441.773	-34.69
441.9	121.31
442.026	-183.69
442.153	-76.69
442.28	-51.69
442.407	-195.69
442.533	5.31
442.66	-31.69
442.787	-57.69
442.914	-210.69
443.04	-142.69
443.167	-83.69
443.294	-58.69
443.421	-94.69
443.547	-223.69
443.674	-123.69
443.801	-48.69
443.927	18.31
444.054	241.31
444.181	76.31
444.307	47.31
444.434	-137.69
444.561	-246.69
444.688	-249.69
444.814	35.31
444.941	-178.69
445.068	-251.69
445.194	181.31
445.321	-188.69
445.447	104.31
445.574	-277.69
445.701	-250.69
445.827	-146.69
445.954	-295.69
446.081	-39.69
446.207	-194.69
446.334	-77.69
446.461	-164.69
446.587	-310.69
446.714	-7.69
446.84	59.31
446.967	-190.69
447.094	-149.69
447.22	87.31
447.347	-136.69
447.473	-225.69
447.6	-73.69
447.726	-275.69
447.853	-59.69
447.98	-122.69
448.106	-80.69
448.233	-117.69
448.359	-157.69
448.486	-54.69
448.612	-152.69
448.739	-34.69
448.865	51.31
448.992	162.31
449.118	-179.69
449.245	-236.69
449.371	-207.69
449.498	-100.69
449.624	-14.69
449.751	-58.69
449.877	-154.69
450.004	-118.69
450.13	-114.69
450.257	-208.69
450.383	-109.69
450.51	-283.69
450.636	-174.69
450.763	-157.69
450.889	-179.69
451.016	-344.69
451.142	-70.69
451.269	-185.69
451.395	194.31
451.521	-137.69
451.648	-198.69
451.774	-57.69
451.901	-286.69
452.027	-144.69
452.154	28.31
452.28	-100.69
452.406	-163.69
452.533	-241.69
452.659	-232.69
452.785	-132.69
452.912	-217.69
453.038	-242.69
453.165	-61.69
453.291	70.31
453.417	121.31
453.544	-270.69
453.67	-170.69
453.796	48.31
453.923	-248.69
454.049	-195.69
454.175	-198.69
454.302	-171.69
454.428	-7.69
454.554	-76.69
454.681	-233.69
454.807	-193.69
454.933	203.31
455.06	-122.69
455.186	-199.69
455.312	62.31
455.439	61.31
455.565	-286.69
455.691	-110.69
455.817	3.31
455.944	67.31
456.07	-132.69
456.196	-24.69
456.322	-305.69
456.449	-264.69
456.575	-149.69
456.701	-174.69
456.827	-187.69
456.954	-239.69
457.08	-214.69
457.206	-304.69
457.332	-129.69
457.459	-254.69
457.585	-236.69
457.711	-192.69
457.837	-27.69
457.963	-84.69
458.09	-214.69
458.216	-265.69
458.342	-141.69
458.468	-113.69
458.594	-102.69
458.721	-61.69
458.847	-80.69
458.973	-237.69
459.099	-169.69
459.225	-176.69
459.351	-132.69
459.477	-36.69
459.604	-237.69
459.73	-164.69
459.856	-223.69
459.982	-86.69
460.108	-313.69
460.234	-327.69
460.36	-136.69
460.486	-4.69
460.613	-224.69
460.739	34.31
460.865	-176.69
460.991	170.31
461.117	73.31
461.243	-227.69
461.369	-218.69
461.495	-157.69
461.621	-124.69
461.747	-55.69
461.873	-37.69
461.999	-202.69
462.125	-133.69
462.252	4.31
462.378	-74.69
462.504	14.31
462.63	-87.69
462.756	-245.69
462.882	-228.69
463.008	-116.69
463.134	3.31
463.26	-280.69
463.386	-151.69
463.512	-50.69
463.638	-168.69
463.764	-269.69
463.89	-114.69
464.016	42.31
464.142	-64.69
464.268	-241.69
464.394	-160.69
464.52	-228.69
464.645	-59.69
464.771	-18.69
464.897	-150.69
465.023	-151.69
465.149	-95.69
465.275	-270.69
465.401	-212.69
465.527	47.31
465.653	-114.69
465.779	31.31
465.905	-244.69
466.031	-66.69
466.157	-212.69
466.282	-180.69
466.408	-174.69
466.534	-89.69
466.66	-339.69
466.786	-167.69
466.912	-57.69
467.038	-93.69
467.164	-171.69
467.289	-180.69
467.415	-109.69
467.541	-95.69
467.667	-121.69
467.793	-168.69
467.919	-50.69
468.045	121.31
468.17	-211.69
468.296	-119.69
468.422	-145.69
468.548	31.31
468.674	-283.69
468.799	-217.69
468.925	-167.69
469.051	-211.69
469.177	-296.69
469.303	-312.69
469.428	-26.69
469.554	-187.69
469.68	-204.69
469.806	-64.69
469.931	-94.69
470.057	234.31
470.183	-365.69
470.309	-197.69
470.434	130.31
470.56	-118.69
470.686	-109.69
470.812	-137.69
470.937	-215.69
471.063	-185.69
471.189	-66.69
471.315	15.31
471.44	-92.69
471.566	-137.69
471.692	45.31
471.817	-226.69
471.943	-76.69
472.069	-26.69
472.194	-161.69
472.32	-196.69
472.446	-15.69
472.571	-178.69
472.697	-202.69
472.823	-108.69
472.948	-221.69
473.074	-51.69
473.2	-153.69
473.325	-226.69
473.451	-140.69
473.577	-132.69
473.702	-325.69
473.828	-170.69
473.953	-268.69
474.079	-70.69
474.205	-256.69
474.33	-259.69
474.456	-178.69
474.581	119.31
474.707	-199.69
474.833	-183.69
474.958	-39.69
475.084	16.31
475.209	-189.69
475.335	-200.69
475.46	-53.69
475.586	-127.69
475.712	-19.69
475.837	-151.69
475.963	-132.69
476.088	-279.69
476.214	-223.69
476.339	-201.69
476.465	-187.69
476.59	-245.69
476.716	69.31
476.841	-251.69
476.967	183.31
477.092	-150.69
477.218	-100.69
477.343	-220.69
477.469	165.31
477.594	-168.69
477.72	-252.69
477.845	-72.69
477.971	-153.69
478.096	-75.69
478.222	-151.69
478.347	2314.31
478.472	18.31
478.598	-184.69
478.723	-196.69
478.849	-5.69
478.974	-40.69
479.1	-206.69
479.225	-109.69
479.35	-200.69
479.476	-54.69
479.601	-230.69
479.727	49.31
479.852	-223.69
479.977	-77.69
480.103	-115.69
480.228	138.31
480.354	-143.69
480.479	50.31
480.604	-157.69
480.73	-193.69
480.855	-320.69
480.98	33.31
481.106	-236.69
481.231	-311.69
481.356	-221.69
481.482	-323.69
481.607	-235.69
481.732	-359.69
481.858	-164.69
481.983	-204.69
482.108	-177.69
482.234	-277.69
482.359	-187.69
482.484	72.31
482.61	-207.69
482.735	-114.69
482.86	-266.69
482.985	-126.69
483.111	-117.69
483.236	-77.69
483.361	-178.69
483.486	-224.69
483.612	28.31
483.737	-329.69
483.862	-111.69
483.987	-53.69
484.113	-282.69
484.238	-42.69
484.363	-235.69
484.488	-178.69
484.614	-42.69
484.739	-166.69
484.864	16.31
484.989	331.31
485.114	-60.69
485.24	-126.69
485.365	-192.69
485.49	-301.69
485.615	-2.69
485.74	-153.69
485.865	-73.69
485.991	-98.69
486.116	-41.69
486.241	-289.69
486.366	-231.69
486.491	-35.69
486.616	-178.69
486.742	-226.69
486.867	-140.69
486.992	-269.69
487.117	-216.69
487.242	-241.69
487.367	-312.69
487.492	-145.69
487.617	-16.69
487.742	-135.69
487.868	-222.69
487.993	-19.69
488.118	-57.69
488.243	-84.69
488.368	-199.69
488.493	-275.69
488.618	-172.69
488.743	-178.69
488.868	-220.69
488.993	-126.69
489.118	27.31
489.243	-149.69
489.368	-200.69
489.493	8.31
489.618	-134.69
489.743	-238.69
489.868	-141.69
489.993	-151.69
490.118	-285.69
490.243	270.31
490.368	-184.69
490.493	-24.69
490.618	9.31
490.743	-303.69
490.868	-102.69
490.993	-83.69
491.118	-0.69
491.243	-219.69
491.368	-100.69
491.493	-2.69
491.618	-85.69
491.743	-157.69
491.868	-183.69
491.993	-165.69
492.118	-182.69
492.243	-108.69
492.368	-40.69
492.493	-193.69
492.618	119.31
492.743	-199.69
492.867	27.31
492.992	-104.69
493.117	-10.69
493.242	-209.69
493.367	-144.69
493.492	14.31
493.617	-174.69
493.742	35.31
493.867	-157.69
493.991	-266.69
494.116	-119.69
494.241	-129.69
494.366	-157.69
494.491	-70.69
494.616	66.31
494.74	-212.69
494.865	-261.69
494.99	-166.69
495.115	-130.69
495.24	-114.69
495.365	-182.69
495.489	-146.69
495.614	-43.69
495.739	-175.69
495.864	-148.69
495.989	-291.69
496.113	-2.69
496.238	-81.69
496.363	-201.69
496.488	-191.69
496.612	10.31
496.737	-199.69
496.862	-143.69
496.987	-153.69
497.111	-217.69
497.236	-226.69
497.361	-212.69
497.486	72.31
497.61	-10.69
497.735	-137.69
497.86	-39.69
497.984	-42.69
498.109	-289.69
498.234	-238.69
498.359	-182.69
498.483	-114.69
498.608	-83.69
498.733	-167.69
498.857	-235.69
498.982	-115.69
499.107	-267.69
499.231	-142.69
499.356	-167.69
499.481	73.31
499.605	-342.69
499.73	-275.69
499.855	6.31
499.979	-215.69
500.104	-138.69
500.228	105.31
500.353	-180.69
500.478	-230.69
500.602	-63.69
500.727	51.31
500.852	-40.69
500.976	-318.69
501.101	-159.69
501.225	79.31
501.35	-234.69
501.474	-213.69
501.599	-9.69
501.724	-153.69
501.848	-113.69
501.973	79.31
502.097	-232.69
502.222	-291.69
502.346	-55.69
502.471	-87.69
502.595	-179.69
502.72	-271.69
502.844	-235.69
502.969	-138.69
503.094	109.31
503.218	-291.69
503.343	-192.69
503.467	-220.69
503.592	-134.69
503.716	-195.69
503.841	-86.69
503.965	107.31
504.089	-135.69
504.214	-281.69
504.338	-159.69
504.463	29.31
504.587	-46.69
504.712	-110.69
504.836	-115.69
504.961	195.31
505.085	89.31
505.21	-210.69
505.334	-175.69
505.458	166.31
505.583	-280.69
505.707	-77.69
505.832	-176.69
505.956	-100.69
506.08	-210.69
506.205	-206.69
506.329	81.31
506.454	-263.69
506.578	-138.69
506.702	-214.69
506.827	67.31
506.951	-31.69
507.076	-109.69
507.2	-269.69
507.324	2.31
507.449	72.31
507.573	-123.69
507.697	-203.69
507.822	-113.69
507.946	-118.69
508.07	-313.69
508.195	-169.69
508.319	-138.69
508.443	-88.69
508.567	-309.69
508.692	-241.69
508.816	-231.69
508.94	-100.69
509.065	-291.69
509.189	-62.69
509.313	-50.69
509.437	-5.69
509.562	-178.69
509.686	-96.69
509.81	-165.69
509.935	-64.69
510.059	50.31
510.183	-210.69
510.307	-278.69
510.431	-21.69
510.556	-124.69
510.68	-202.69
510.804	-289.69
510.928	-121.69
511.053	-291.69
511.177	-288.69
511.301	-113.69
511.425	-164.69
511.549	-113.69
511.674	-123.69
511.798	-111.69
511.922	-51.69
512.046	116.31
512.17	-176.69
512.294	-243.69
512.419	-64.69
512.543	-17.69
512.667	-124.69
512.791	-230.69
512.915	-80.69
513.039	-141.69
513.163	-78.69
513.288	104.31
513.412	-176.69
513.536	43.31
513.66	-210.69
513.784	-127.69
513.908	-77.69
514.032	-98.69
514.156	-27.69
514.28	10.31
514.404	-124.69
514.528	-148.69
514.653	-74.69
514.777	-14.69
514.901	-58.69
515.025	76.31
515.149	-172.69
515.273	-53.69
515.397	-131.69
515.521	-104.69
515.645	-180.69
515.769	-205.69
515.893	-182.69
516.017	-195.69
516.141	-289.69
516.265	-167.69
516.389	-181.69
516.513	-86.69
516.637	-206.69
516.761	-333.69
516.885	-182.69
517.009	-99.69
517.133	-76.69
517.257	-173.69
517.381	-28.69
517.505	0.31
517.629	67.31
517.753	-127.69
517.877	-234.69
518.001	-141.69
518.125	-156.69
518.248	-55.69
518.372	-99.69
518.496	-251.69
518.62	-52.69
518.744	-161.69
518.868	-81.69
518.992	-80.69
519.116	-231.69
519.24	267.31
519.364	16.31
519.488	-126.69
519.611	-290.69
519.735	-150.69
519.859	-140.69
519.983	-10.69
520.107	-211.69
520.231	1.31
520.355	-70.69
520.478	-183.69
520.602	-232.69
520.726	74.31
520.85	-132.69
520.974	9.31
521.098	-212.69
521.221	-256.69
521.345	53.31
521.469	-201.69
521.593	-137.69
521.717	47.31
521.84	-118.69
521.964	-197.69
522.088	-174.69
522.212	-146.69
522.335	-283.69
522.459	-187.69
522.583	137.31
522.707	-264.69
522.83	-285.69
522.954	-240.69
523.078	-208.69
523.202	-18.69
523.325	-164.69
523.449	-100.69
523.573	-133.69
523.697	-195.69
523.82	-128.69
523.944	-145.69
524.068	-143.69
524.191	-168.69
524.315	-285.69
524.439	-115.69
524.562	-44.69
524.686	-191.69
524.81	-225.69
524.933	-142.69
525.057	-163.69
525.181	-85.69
525.304	-259.69
525.428	97.31
525.552	-262.69
525.675	-88.69
525.799	-195.69
525.923	-82.69
526.046	-47.69
526.17	-317.69
526.293	-224.69
526.417	-73.69
526.541	8.31
526.664	-171.69
526.788	-159.69
526.911	-46.69
527.035	-254.69
527.159	-173.69
527.282	-185.69
527.406	-176.69
527.529	-39.69
527.653	-279.69
527.776	-67.69
527.9	-181.69
528.024	-196.69
528.147	-166.69
528.271	30.31
528.394	29.31
528.518	8.31
528.641	-287.69
528.765	-90.69
528.888	-127.69
529.012	-83.69
529.135	-170.69
529.259	57.31
529.382	-130.69
529.506	-212.69
529.629	-55.69
529.753	-274.69
529.876	76.31
530	14.31
530.123	-113.69
530.247	-221.69
530.37	-172.69
530.493	-114.69
530.617	-234.69
530.74	3.31
530.864	-24.69
530.987	-284.69
531.111	-62.69
531.234	-216.69
531.357	26.31
531.481	12.31
531.604	38.31
531.728	-260.69
531.851	-56.69
531.974	-87.69
532.098	-164.69
532.221	-197.69
532.345	-144.69
532.468	-282.69
532.591	112.31
532.715	-139.69
532.838	-177.69
532.961	-148.69
533.085	-214.69
533.208	-90.69
533.331	-282.69
533.455	-4.69
533.578	-145.69
533.701	-51.69
533.825	66.31
533.948	-185.69
534.071	-160.69
534.195	-52.69
534.318	-205.69
534.441	-227.69
534.564	-46.69
534.688	-142.69
534.811	8.31
534.934	-132.69
535.058	-66.69
535.181	31.31
535.304	-6.69
535.427	-209.69
535.551	-295.69
535.674	-134.69
535.797	-23.69
535.92	-22.69
536.043	-248.69
536.167	-244.69
536.29	-37.69
536.413	-101.69
536.536	-234.69
536.66	-171.69
536.783	-43.69
536.906	-112.69
537.029	-205.69
537.152	-174.69
537.275	-133.69
537.399	83.31
537.522	-301.69
537.645	-140.69
537.768	-140.69
537.891	-99.69
538.014	-138.69
538.138	-189.69
538.261	-163.69
538.384	-108.69
538.507	-280.69
538.63	-156.69
538.753	114.31
538.876	-57.69
538.999	-218.69
539.123	-63.69
539.246	157.31
539.369	175.31
539.492	-198.69
539.615	-228.69
539.738	148.31
539.861	-173.69
539.984	-124.69
540.107	-75.69
540.23	-155.69
540.353	-232.69
540.476	-349.69
540.599	-75.69
540.722	-241.69
540.846	-123.69
540.969	-321.69
541.092	-108.69
541.215	-234.69
541.338	-87.69
541.461	-230.69
541.584	-130.69
541.707	-119.69
541.83	-216.69
541.953	-105.69
542.076	-53.69
542.199	-116.69
542.322	46.31
542.445	90.31
542.567	-172.69
542.69	-76.69
542.813	-195.69
542.936	-63.69
543.059	-99.69
543.182	182.31
543.305	36.31
543.428	-69.69
543.551	-134.69
543.674	71.31
543.797	-59.69
543.92	-155.69
544.043	220.31
544.166	-233.69
544.288	-178.69
544.411	-56.69
544.534	-208.69
544.657	-116.69
544.78	-176.69
544.903	-61.69
545.026	-108.69
545.149	-217.69
545.271	-246.69
545.394	-156.69
545.517	-283.69
545.64	279.31
545.763	-142.69
545.886	-183.69
546.008	-77.69
546.131	10.31
546.254	-112.69
546.377	-283.69
546.5	-3.69
546.623	-0.69
546.745	-228.69
546.868	-155.69
546.991	57.31
547.114	-112.69
547.236	-152.69
547.359	-220.69
547.482	-60.69
547.605	-142.69
547.728	-175.69
547.85	-243.69
547.973	-186.69
548.096	-101.69
548.219	-56.69
548.341	-127.69
548.464	-225.69
548.587	-100.69
548.709	-151.69
548.832	-109.69
548.955	192.31
549.078	-19.69
549.2	-197.69
549.323	-155.69
549.446	134.31
549.568	-104.69
549.691	-71.69
549.814	-20.69
549.936	-175.69
550.059	-122.69
550.182	-250.69
550.304	-298.69
550.427	-114.69
550.55	-167.69
550.672	-221.69
550.795	190.31
550.917	-198.69
551.04	-111.69
551.163	-86.69
551.285	21.31
551.408	49.31
551.531	272.31
551.653	-233.69
551.776	-81.69
551.898	-35.69
552.021	-45.69
552.143	-148.69
552.266	-159.69
552.389	-117.69
552.511	-225.69
552.634	-268.69
552.756	-219.69
552.879	156.31
553.001	42.31
553.124	-305.69
553.246	-206.69
553.369	44.31
553.492	-95.69
553.614	-18.69
553.737	-354.69
553.859	-24.69
553.982	12.31
554.104	-104.69
554.227	-235.69
554.349	-120.69
554.472	-133.69
554.594	-332.69
554.716	32.31
554.839	-24.69
554.961	-58.69
555.084	-251.69
555.206	-84.69
555.329	-262.69
555.451	-260.69
555.574	-74.69
555.696	-242.69
555.819	-101.69
555.941	-101.69
556.063	-30.69
556.186	-146.69
556.308	-69.69
556.431	180.31
556.553	-41.69
556.675	-220.69
556.798	-115.69
556.92	-14.69
557.043	-201.69
557.165	-282.69
557.287	29.31
557.41	-118.69
557.532	-106.69
557.654	-151.69
557.777	35.31
557.899	-106.69
558.021	-100.69
558.144	38.31
558.266	72.31
558.388	188.31
558.511	-199.69
558.633	-116.69
558.755	-165.69
558.878	-180.69
559	-26.69
559.122	-300.69
559.244	-148.69
559.367	-104.69
559.489	-20.69
559.611	93.31
559.734	-85.69
559.856	-77.69
559.978	-134.69
560.1	-141.69
560.223	-112.69
560.345	113.31
560.467	-267.69
560.589	-112.69
560.712	-123.69
560.834	145.31
560.956	-236.69
561.078	-157.69
561.2	-65.69
561.323	55.31
561.445	-278.69
561.567	-182.69
561.689	-215.69
561.811	-6.69
561.934	-185.69
562.056	-147.69
562.178	-50.69
562.3	-117.69
562.422	-45.69
562.544	-116.69
562.666	43.31
562.789	-54.69
562.911	-94.69
563.033	-38.69
563.155	28.31
563.277	-159.69
563.399	-334.69
563.521	-180.69
563.643	-197.69
563.766	-95.69
563.888	0.31
564.01	-102.69
564.132	-199.69
564.254	-252.69
564.376	49.31
564.498	-98.69
564.62	97.31
564.742	-78.69
564.864	-304.69
564.986	-110.69
565.108	227.31
565.23	-185.69
565.352	-42.69
565.474	-71.69
565.597	147.31
565.719	111.31
565.841	-260.69
565.963	-100.69
566.085	-58.69
566.207	-100.69
566.329	-8.69
566.451	-5.69
566.573	-148.69
566.695	-115.69
566.817	113.31
566.938	-258.69
567.06	-127.69
567.182	-81.69
567.304	-148.69
567.426	-256.69
567.548	41.31
567.67	-64.69
567.792	-151.69
567.914	-210.69
568.036	-88.69
568.158	-91.69
568.28	-227.69
568.402	-17.69
568.524	-121.69
568.646	-208.69
568.767	-192.69
568.889	-6.69
569.011	-102.69
569.133	-162.69
569.255	-295.69
569.377	-228.69
569.499	-61.69
569.621	-147.69
569.742	101.31
569.864	2.31
569.986	202.31
570.108	39.31
570.23	-275.69
570.352	46.31
570.473	-44.69
570.595	-102.69
570.717	-268.69
570.839	-145.69
570.961	-2.69
571.082	-115.69
571.204	-222.69
571.326	-202.69
571.448	25.31
571.57	44.31
571.691	-97.69
571.813	-42.69
571.935	56.31
572.057	-61.69
572.178	-239.69
572.3	25.31
572.422	121.31
572.544	174.31
572.665	-186.69
572.787	-225.69
572.909	74.31
573.031	-11.69
573.152	-259.69
573.274	-44.69
573.396	12.31
573.517	-3.69
573.639	-340.69
573.761	-209.69
573.882	-73.69
574.004	33.31
574.126	-235.69
574.247	-28.69
574.369	-20.69
574.491	-79.69
574.612	-212.69
574.734	-140.69
574.856	-76.69
574.977	12.31
575.099	-135.69
575.221	-116.69
575.342	-98.69
575.464	-74.69
575.585	-85.69
575.707	-213.69
575.829	72.31
575.95	10.31
576.072	-165.69
576.193	-214.69
576.315	-119.69
576.437	-105.69
576.558	-141.69
576.68	-152.69
576.801	206.31
576.923	-203.69
577.044	64.31
577.166	-284.69
577.287	-96.69
577.409	-104.69
577.531	-154.69
577.652	-58.69
577.774	-277.69
577.895	-94.69
578.017	-237.69
578.138	-225.69
578.26	-111.69
578.381	3.31
578.503	-192.69
578.624	-183.69
578.746	-228.69
578.867	-129.69
578.988	-89.69
579.11	87.31
579.231	-19.69
579.353	-134.69
579.474	-145.69
579.596	-173.69
579.717	-107.69
579.839	-64.69
579.96	-362.69
580.081	-44.69
580.203	-101.69
580.324	-46.69
580.446	-37.69
580.567	-138.69
580.688	172.31
580.81	-193.69
580.931	-146.69
581.053	-255.69
581.174	-94.69
581.295	-142.69
581.417	-42.69
581.538	-32.69
581.659	-14.69
581.781	-81.69
581.902	-214.69
582.024	-242.69
582.145	-230.69
582.266	-169.69
582.388	-167.69
582.509	-248.69
582.63	-62.69
582.751	-138.69
582.873	-199.69
582.994	-169.69
583.115	-95.69
583.237	-23.69
583.358	-200.69
583.479	-302.69
583.6	32.31
583.722	-85.69
583.843	-225.69
583.964	46.31
584.086	-155.69
584.207	-22.69
584.328	-244.69
584.449	-74.69
584.57	-40.69
584.692	-59.69
584.813	582.31
584.934	-99.69
585.055	-171.69
585.177	27.31
585.298	-70.69
585.419	-259.69
585.54	173.31
585.661	-24.69
585.783	-112.69
585.904	-196.69
586.025	79.31
586.146	-183.69
586.267	-183.69
586.388	-108.69
586.51	199.31
586.631	-203.69
586.752	-255.69
586.873	-170.69
586.994	-233.69
587.115	-209.69
587.236	-199.69
587.357	-303.69
587.479	-179.69
587.6	17.31
587.721	-175.69
587.842	-214.69
587.963	128.31
588.084	81.31
588.205	-219.69
588.326	-177.69
588.447	-82.69
588.568	-108.69
588.689	-76.69
588.81	-67.69
588.931	-113.69
589.052	-137.69
589.174	-205.69
589.295	-63.69
589.416	-46.69
589.537	49.31
589.658	-180.69
589.779	-258.69
589.9	59.31
590.021	-125.69
590.142	-183.69
590.263	-286.69
590.384	-94.69
590.505	163.31
590.626	-213.69
590.747	-110.69
590.867	-14.69
590.988	-8.69
591.109	-150.69
591.23	21.31
591.351	30.31
591.472	-48.69
591.593	-185.69
591.714	-77.69
591.835	-140.69
591.956	-113.69
592.077	-293.69
592.198	-125.69
592.319	-31.69
592.44	25.31
592.56	-167.69
592.681	-263.69
592.802	-43.69
592.923	-85.69
593.044	-221.69
593.165	-255.69
593.286	-5.69
593.407	-151.69
593.527	-9.69
593.648	-234.69
593.769	-17.69
593.89	71.31
594.011	-111.69
594.132	-201.69
594.252	-89.69
594.373	-193.69
594.494	-308.69
594.615	-140.69
594.736	-107.69
594.856	53.31
594.977	-250.69
595.098	-64.69
595.219	-183.69
595.34	-27.69
595.46	-280.69
595.581	125.31
595.702	-76.69
595.823	-230.69
595.943	-99.69
596.064	-143.69
596.185	120.31
596.306	-252.69
596.426	-206.69
596.547	-267.69
596.668	-34.69
596.788	-43.69
596.909	-98.69
597.03	-84.69
597.151	-73.69
597.271	-155.69
597.392	-137.69
597.513	-84.69
597.633	31.31
597.754	-59.69
597.875	-150.69
597.995	83.31
598.116	-52.69
598.237	-126.69
598.357	-200.69
598.478	-202.69
598.599	149.31
598.719	-84.69
598.84	-227.69
598.96	-205.69
599.081	-65.69
599.202	-112.69
599.322	-220.69
599.443	-239.69
599.563	-5.69
599.684	71.31
599.805	-205.69
599.925	-273.69
600.046	161.31
600.166	-112.69
600.287	-91.69
600.407	-104.69
600.528	40.31
600.649	-15.69
600.769	-126.69
600.89	-283.69
601.01	-14.69
601.131	-134.69
601.251	75.31
601.372	-90.69
601.492	-154.69
601.613	-178.69
601.733	-181.69
601.854	181.31
601.974	280.31
602.095	114.31
602.215	-220.69
602.336	-255.69
602.456	173.31
602.577	-139.69
602.697	470.31
602.817	-15.69
602.938	-82.69
603.058	4.31
603.179	-243.69
603.299	-222.69
603.42	-232.69
603.54	-24.69
603.66	-262.69
603.781	-101.69
603.901	-143.69
604.022	120.31
604.142	-145.69
604.262	-91.69
604.383	-160.69
604.503	67.31
604.624	-220.69
604.744	-82.69
604.864	-10.69
604.985	-125.69
605.105	-70.69
605.225	-85.69
605.346	-82.69
605.466	56.31
605.586	106.31
605.707	215.31
605.827	-196.69
605.947	-113.69
606.068	-138.69
606.188	-129.69
606.308	-150.69
606.429	78.31
606.549	-167.69
606.669	-253.69
606.789	-174.69
606.91	1.31
607.03	-214.69
607.15	-194.69
607.27	-39.69
607.391	51.31
607.511	-188.69
607.631	-209.69
607.751	136.31
607.872	-16.69
607.992	-242.69
608.112	8.31
608.232	-167.69
608.353	-212.69
608.473	-164.69
608.593	66.31
608.713	256.31
608.833	-70.69
608.954	-183.69
609.074	-156.69
609.194	-194.69
609.314	163.31
609.434	-37.69
609.554	-125.69
609.675	131.31
609.795	-134.69
609.915	-236.69
610.035	187.31
610.155	-102.69
610.275	-125.69
610.395	-5.69
610.516	-248.69
610.636	-74.69
610.756	-25.69
610.876	-38.69
610.996	-236.69
611.116	122.31
611.236	-214.69
611.356	-221.69
611.476	-143.69
611.596	-65.69
611.716	75.31
611.836	-256.69
611.957	-255.69
612.077	-77.69
612.197	-34.69
612.317	-219.69
612.437	34.31
612.557	58.31
612.677	-126.69
612.797	-100.69
612.917	-228.69
613.037	-0.69
613.157	-54.69
613.277	-98.69
613.397	75.31
613.517	117.31
613.637	-108.69
613.757	-135.69
613.877	-178.69
613.997	8.31
614.117	-148.69
614.237	-151.69
614.356	-90.69
614.476	41.31
614.596	42.31
614.716	-150.69
614.836	-133.69
614.956	-11.69
615.076	-64.69
615.196	-275.69
615.316	-120.69
615.436	5.31
615.556	132.31
615.676	122.31
615.795	-69.69
615.915	-71.69
616.035	-135.69
616.155	-140.69
616.275	-233.69
616.395	-116.69
616.515	18.31
616.635	-296.69
616.754	-316.69
616.874	5.31
616.994	-44.69
617.114	153.31
617.234	3.31
617.354	-9.69
617.473	291.31
617.593	-185.69
617.713	-109.69
617.833	-15.69
617.953	0.31
618.072	-352.69
618.192	-195.69
618.312	88.31
618.432	95.31
618.551	-216.69
618.671	-186.69
618.791	24.31
618.911	-35.69
619.03	-135.69
619.15	-101.69
619.27	-94.69
619.39	-135.69
619.509	-141.69
619.629	-140.69
619.749	-177.69
619.868	-28.69
619.988	-287.69
620.108	-170.69
620.228	577.31
620.347	-22.69
620.467	-217.69
620.587	-211.69
620.706	66.31
620.826	-143.69
620.946	-207.69
621.065	2.31
621.185	232.31
621.305	-119.69
621.424	-145.69
621.544	-306.69
621.663	5.31
621.783	-90.69
621.903	143.31
622.022	-247.69
622.142	-70.69
622.261	138.31
622.381	-97.69
622.501	-33.69
622.62	-124.69
622.74	-42.69
622.859	-148.69
622.979	59.31
623.099	-107.69
623.218	-6.69
623.338	62.31
623.457	-66.69
623.577	-126.69
623.696	-66.69
623.816	-289.69
623.935	-179.69
624.055	-145.69
624.174	-55.69
624.294	-131.69
624.413	-272.69
624.533	-8.69
624.652	114.31
624.772	-194.69
624.891	-287.69
625.011	28.31
625.13	-103.69
625.25	-264.69
625.369	-199.69
625.489	-86.69
625.608	-173.69
625.728	-116.69
625.847	-128.69
625.966	-171.69
626.086	-155.69
626.205	-240.69
626.325	-85.69
626.444	-48.69
626.564	135.31
626.683	-21.69
626.802	-16.69
626.922	115.31
627.041	29.31
627.161	-137.69
627.28	14.31
627.399	27.31
627.519	-29.69
627.638	-310.69
627.757	-228.69
627.877	-74.69
627.996	-65.69
628.115	-38.69
628.235	-17.69
628.354	-212.69
628.473	-62.69
628.593	57.31
628.712	-98.69
628.831	-64.69
628.951	-219.69
629.07	35.31
629.189	-80.69
629.309	-68.69
629.428	176.31
629.547	-275.69
629.666	-52.69
629.786	-50.69
629.905	-184.69
630.024	-9.69
630.143	-66.69
630.263	-56.69
630.382	224.31
630.501	-159.69
630.62	-166.69
630.74	-188.69
630.859	103.31
630.978	-162.69
631.097	-254.69
631.216	-183.69
631.336	173.31
631.455	-221.69
631.574	-139.69
631.693	-0.69
631.812	-88.69
631.932	-293.69
632.051	53.31
632.17	232.31
632.289	50.31
632.408	-191.69
632.527	-123.69
632.646	-45.69
632.766	-114.69
632.885	97.31
633.004	-267.69
633.123	-55.69
633.242	-113.69
633.361	443.31
633.48	-189.69
633.599	-153.69
633.718	80.31
633.838	-86.69
633.957	-252.69
634.076	-16.69
634.195	-94.69
634.314	-37.69
634.433	-31.69
634.552	-111.69
634.671	-42.69
634.79	131.31
634.909	32.31
635.028	-75.69
635.147	7.31
635.266	-218.69
635.385	-53.69
635.504	-183.69
635.623	25.31
635.742	-255.69
635.861	-267.69
635.98	-25.69
636.099	-105.69
636.218	-124.69
636.337	-111.69
636.456	233.31
636.575	39.31
636.694	-130.69
636.813	-252.69
636.932	-195.69
637.051	-66.69
637.17	-293.69
637.289	-100.69
637.408	-201.69
637.526	-31.69
637.645	-340.69
637.764	-275.69
637.883	-118.69
638.002	73.31
638.121	233.31
638.24	-204.69
638.359	56.31
638.478	-115.69
638.597	-238.69
638.715	249.31
638.834	-67.69
638.953	51.31
639.072	-229.69
639.191	-270.69
639.31	65.31
639.428	-46.69
639.547	-77.69
639.666	-0.69
639.785	-19.69
639.904	-34.69
640.023	-271.69
640.141	-160.69
640.26	-78.69
640.379	48.31
640.498	-294.69
640.616	-96.69
640.735	-73.69
640.854	114.31
640.973	-249.69
641.092	-54.69
641.21	-22.69
641.329	-59.69
641.448	-34.69
641.567	137.31
641.685	-71.69
641.804	-64.69
641.923	-110.69
642.041	-197.69
642.16	-69.69
642.279	103.31
642.398	-178.69
642.516	-222.69
642.635	113.31
642.754	-61.69
642.872	19.31
642.991	34.31
643.11	-149.69
643.228	-151.69
643.347	-293.69
643.466	-275.69
643.584	28.31
643.703	208.31
643.821	-107.69
643.94	-84.69
644.059	30.31
644.177	92.31
644.296	-247.69
644.415	-173.69
644.533	-27.69
644.652	45.31
644.77	-298.69
644.889	-267.69
645.008	62.31
645.126	-153.69
645.245	-22.69
645.363	4.31
645.482	-4.69
645.6	-45.69
645.719	-194.69
645.837	-136.69
645.956	5.31
646.074	-163.69
646.193	-191.69
646.312	-10.69
646.43	106.31
646.549	224.31
646.667	-329.69
646.786	-237.69
646.904	89.31
647.023	42.31
647.141	-242.69
647.26	-16.69
647.378	321.31
647.496	-45.69
647.615	-93.69
647.733	-57.69
647.852	179.31
647.97	-74.69
648.089	38.31
648.207	11.31
648.326	127.31
648.444	-54.69
648.562	-112.69
648.681	-40.69
648.799	3.31
648.918	64.31
649.036	-3.69
649.154	-0.69
649.273	372.31
649.391	534.31
649.51	1371.31
649.628	3214.31
649.746	5827.31
649.865	7113.31
649.983	8237.31
650.101	9323.31
650.22	10250.31
650.338	10532.31
650.456	9894.31
650.575	8087.31
650.693	5253.31
650.811	3085.31
650.93	1342.31
651.048	1577.31
651.166	703.31
651.285	225.31
651.403	159.31
651.521	50.31
651.639	76.31
651.758	185.31
651.876	175.31
651.994	-169.69
652.112	177.31
652.231	-0.69
652.349	-172.69
652.467	-325.69
652.585	15.31
652.704	75.31
652.822	-285.69
652.94	-259.69
653.058	4.31
653.176	-126.69
653.295	-105.69
653.413	-11.69
653.531	-118.69
653.649	-47.69
653.767	-259.69
653.886	-257.69
654.004	-108.69
654.122	132.31
654.24	-298.69
654.358	-248.69
654.476	-38.69
654.594	182.31
654.713	-157.69
654.831	-312.69
654.949	-72.69
655.067	2.31
655.185	-256.69
655.303	-168.69
655.421	-61.69
655.539	143.31
655.658	-122.69
655.776	-150.69
655.894	36.31
656.012	185.31
656.13	-308.69
656.248	-159.69
656.366	-131.69
656.484	-52.69
656.602	-239.69
656.72	-232.69
656.838	-0.69
656.956	-67.69
657.074	-62.69
657.192	-80.69
657.31	-149.69
657.428	-55.69
657.546	-140.69
657.664	-100.69
657.782	-29.69
657.9	104.31
658.018	-182.69
658.136	-132.69
658.254	66.31
658.372	119.31
658.49	-249.69
658.608	-246.69
658.726	57.31
658.844	54.31
658.962	-215.69
659.08	-285.69
659.198	8.31
659.316	-12.69
