8.028999999999999471e-01
7.728000000000000425e-01
7.682999999999999829e-01
7.724999999999999645e-01
7.754999999999999671e-01
7.758000000000000451e-01
7.773999999999999799e-01
7.778000000000000469e-01
7.821000000000000174e-01
7.980000000000000426e-01
8.231000000000000538e-01
8.403000000000000469e-01
8.310999999999999499e-01
8.051000000000000378e-01
7.838000000000000522e-01
7.792000000000000037e-01
7.941000000000000281e-01
8.282000000000000473e-01
8.720999999999999863e-01
9.016999999999999460e-01
8.921000000000000041e-01
8.510999999999999677e-01
8.071000000000000396e-01
7.779000000000000359e-01
7.710000000000000187e-01
7.883999999999999897e-01
8.280999999999999472e-01
8.818000000000000282e-01
9.291000000000000369e-01
9.523000000000000353e-01
9.529999999999999583e-01
9.298999999999999488e-01
8.826000000000000512e-01
8.300999999999999490e-01
7.927999999999999492e-01
7.781000000000000139e-01
7.863999999999999879e-01
8.158999999999999586e-01
8.638000000000000123e-01
9.155999999999999694e-01
9.499999999999999556e-01
9.657999999999999918e-01
9.727000000000000091e-01
9.756000000000000227e-01
9.731999999999999540e-01
9.602000000000000535e-01
9.274999999999999911e-01
8.749000000000000110e-01
8.235999999999999988e-01
7.902000000000000135e-01
7.799000000000000377e-01
7.935999999999999721e-01
8.299999999999999600e-01
8.824999999999999512e-01
9.335999999999999854e-01
9.639999999999999680e-01
9.759999999999999787e-01
9.768999999999999906e-01
9.730999999999999650e-01
9.688999999999999835e-01
9.664000000000000368e-01
9.651999999999999469e-01
9.647999999999999909e-01
9.655000000000000249e-01
9.637000000000000011e-01
9.485000000000000098e-01
9.102000000000000091e-01
8.564000000000000501e-01
8.112000000000000322e-01
7.866999999999999549e-01
7.841000000000000192e-01
8.031000000000000361e-01
8.389999999999999680e-01
8.844999999999999529e-01
9.243000000000000105e-01
9.454000000000000181e-01
9.555000000000000160e-01
9.630999999999999561e-01
9.716000000000000192e-01
9.817000000000000171e-01
9.889000000000000012e-01
9.879000000000000004e-01
9.761999999999999567e-01
9.620999999999999552e-01
9.526000000000000023e-01
9.483000000000000318e-01
9.488999999999999657e-01
9.545000000000000151e-01
9.653000000000000469e-01
9.787000000000000144e-01
9.830999999999999739e-01
9.746000000000000218e-01
9.519999999999999574e-01
9.092999999999999972e-01
8.537000000000000144e-01
8.065999999999999837e-01
7.795999999999999597e-01
7.769000000000000350e-01
7.979000000000000536e-01
8.394000000000000350e-01
8.938000000000000389e-01
9.421000000000000485e-01
9.694000000000000394e-01
9.815000000000000391e-01
9.858999999999999986e-01
9.871999999999999664e-01
9.879000000000000004e-01
9.877000000000000224e-01
9.864000000000000545e-01
9.849999999999999867e-01
9.848000000000000087e-01
9.852999999999999536e-01
9.854000000000000536e-01
9.846000000000000307e-01
9.844000000000000528e-01
9.847000000000000197e-01
9.835000000000000409e-01
9.784000000000000474e-01
9.749999999999999778e-01
9.733000000000000540e-01
9.696000000000000174e-01
9.679999999999999716e-01
9.668999999999999817e-01
9.616999999999999993e-01
9.577999999999999847e-01
9.542000000000000481e-01
9.532000000000000473e-01
9.553000000000000380e-01
9.562000000000000499e-01
9.582000000000000517e-01
9.578999999999999737e-01
9.396999999999999797e-01
8.968000000000000416e-01
8.466000000000000192e-01
8.083000000000000185e-01
7.893000000000000016e-01
7.914999999999999813e-01
8.153000000000000247e-01
8.585000000000000409e-01
9.111000000000000210e-01
9.526000000000000023e-01
9.738999999999999879e-01
9.832999999999999519e-01
9.877000000000000224e-01
9.903999999999999471e-01
9.922999999999999599e-01
9.940999999999999837e-01
9.957000000000000295e-01
9.960999999999999854e-01
9.949999999999999956e-01
9.940999999999999837e-01
9.937000000000000277e-01
9.937000000000000277e-01
9.928000000000000158e-01
9.877000000000000224e-01
9.805000000000000382e-01
9.752999999999999448e-01
9.710999999999999632e-01
9.673000000000000487e-01
9.631999999999999451e-01
9.622000000000000552e-01
9.657000000000000028e-01
9.701999999999999513e-01
9.728999999999999870e-01
9.728999999999999870e-01
9.733000000000000540e-01
9.747999999999999998e-01
9.771999999999999575e-01
9.786000000000000254e-01
9.801999999999999602e-01
9.838999999999999968e-01
9.893999999999999462e-01
9.940999999999999837e-01
9.949999999999999956e-01
9.938000000000000167e-01
9.917000000000000259e-01
9.897000000000000242e-01
9.881999999999999673e-01
9.870999999999999774e-01
9.864000000000000545e-01
9.860999999999999766e-01
9.860999999999999766e-01
9.866000000000000325e-01
9.872999999999999554e-01
9.877000000000000224e-01
9.877000000000000224e-01
9.845000000000000417e-01
9.747000000000000108e-01
9.613000000000000433e-01
9.385000000000000009e-01
8.981999999999999984e-01
8.465000000000000302e-01
8.038999999999999480e-01
7.812999999999999945e-01
7.808000000000000496e-01
7.967999999999999527e-01
8.306000000000000050e-01
8.797000000000000375e-01
9.284999999999999920e-01
9.589999999999999636e-01
9.730999999999999650e-01
9.798000000000000043e-01
9.838000000000000078e-01
9.870999999999999774e-01
9.899999999999999911e-01
9.923999999999999488e-01
9.938000000000000167e-01
9.941999999999999726e-01
9.929999999999999938e-01
9.903999999999999471e-01
9.882999999999999563e-01
9.869999999999999885e-01
9.868000000000000105e-01
9.876000000000000334e-01
9.886000000000000343e-01
9.899000000000000021e-01
9.906000000000000361e-01
9.896000000000000352e-01
9.854000000000000536e-01
9.752999999999999448e-01
9.669999999999999707e-01
9.633000000000000451e-01
9.630999999999999561e-01
9.657999999999999918e-01
9.708999999999999853e-01
9.789999999999999813e-01
9.892999999999999572e-01
9.949999999999999956e-01
9.949000000000000066e-01
9.919000000000000039e-01
9.837000000000000188e-01
9.661999999999999478e-01
9.492000000000000437e-01
9.375000000000000000e-01
9.327999999999999625e-01
9.346999999999999753e-01
9.426999999999999824e-01
9.559999999999999609e-01
9.723000000000000531e-01
9.856000000000000316e-01
9.902999999999999581e-01
9.908000000000000140e-01
9.899000000000000021e-01
9.890999999999999792e-01
9.887000000000000233e-01
9.892999999999999572e-01
9.898000000000000131e-01
9.907000000000000250e-01
9.922999999999999599e-01
9.940999999999999837e-01
9.958000000000000185e-01
9.970999999999999863e-01
9.972999999999999643e-01
9.970999999999999863e-01
9.968000000000000194e-01
9.962999999999999634e-01
9.953999999999999515e-01
9.947000000000000286e-01
9.945000000000000506e-01
9.943999999999999506e-01
9.941999999999999726e-01
9.937000000000000277e-01
9.925000000000000488e-01
9.905000000000000471e-01
9.877000000000000224e-01
9.838000000000000078e-01
9.755000000000000338e-01
9.645000000000000240e-01
9.564000000000000279e-01
9.522000000000000464e-01
9.525000000000000133e-01
9.556000000000000050e-01
9.617999999999999883e-01
9.705000000000000293e-01
9.804000000000000492e-01
9.862999999999999545e-01
9.878000000000000114e-01
9.876000000000000334e-01
9.871999999999999664e-01
9.865000000000000435e-01
9.852999999999999536e-01
9.828999999999999959e-01
9.778000000000000025e-01
9.687000000000000055e-01
9.493000000000000327e-01
9.112000000000000099e-01
8.626000000000000334e-01
8.221000000000000529e-01
7.977999999999999536e-01
7.924999999999999822e-01
8.055999999999999828e-01
8.358999999999999764e-01
8.806000000000000494e-01
9.283000000000000140e-01
9.604000000000000314e-01
9.760999999999999677e-01
9.835000000000000409e-01
9.870999999999999774e-01
9.868000000000000105e-01
9.816000000000000281e-01
9.755000000000000338e-01
9.714000000000000412e-01
9.697999999999999954e-01
9.699999999999999734e-01
9.708999999999999853e-01
9.730999999999999650e-01
9.768000000000000016e-01
9.796000000000000263e-01
9.778999999999999915e-01
9.760999999999999677e-01
9.765000000000000346e-01
9.791999999999999593e-01
9.838999999999999968e-01
9.879000000000000004e-01
9.911999999999999700e-01
9.889999999999999902e-01
9.795000000000000373e-01
9.704000000000000403e-01
9.644000000000000350e-01
9.617999999999999883e-01
9.617999999999999883e-01
9.648999999999999799e-01
9.708999999999999853e-01
9.791999999999999593e-01
9.858999999999999986e-01
9.880999999999999783e-01
9.891999999999999682e-01
9.906000000000000361e-01
9.922999999999999599e-01
9.928000000000000158e-01
9.929000000000000048e-01
9.922999999999999599e-01
9.912999999999999590e-01
9.898000000000000131e-01
9.866000000000000325e-01
9.845000000000000417e-01
9.840999999999999748e-01
9.848000000000000087e-01
9.848000000000000087e-01
9.850999999999999757e-01
9.861999999999999655e-01
9.883999999999999453e-01
9.908000000000000140e-01
9.919000000000000039e-01
9.930999999999999828e-01
9.945000000000000506e-01
9.952999999999999625e-01
9.958000000000000185e-01
9.957000000000000295e-01
9.947000000000000286e-01
9.939000000000000057e-01
9.933999999999999497e-01
9.932999999999999607e-01
9.937000000000000277e-01
9.945000000000000506e-01
9.955000000000000515e-01
9.966000000000000414e-01
9.973999999999999533e-01
9.975000000000000533e-01
9.976000000000000423e-01
9.977000000000000313e-01
9.978000000000000203e-01
9.978000000000000203e-01
9.979000000000000092e-01
9.982999999999999652e-01
9.985000000000000542e-01
9.983999999999999542e-01
9.983999999999999542e-01
9.981999999999999762e-01
9.979000000000000092e-01
9.977000000000000313e-01
9.975000000000000533e-01
9.969999999999999973e-01
9.963999999999999524e-01
9.961999999999999744e-01
9.960999999999999854e-01
9.959999999999999964e-01
9.959000000000000075e-01
9.956000000000000405e-01
9.953999999999999515e-01
9.953999999999999515e-01
9.952999999999999625e-01
9.950999999999999845e-01
9.942999999999999616e-01
9.939999999999999947e-01
9.938000000000000167e-01
9.931999999999999718e-01
9.921999999999999709e-01
9.917000000000000259e-01
9.913999999999999480e-01
9.915000000000000480e-01
9.921999999999999709e-01
9.927000000000000268e-01
9.933999999999999497e-01
9.942999999999999616e-01
9.935000000000000497e-01
9.923999999999999488e-01
9.918000000000000149e-01
9.916000000000000369e-01
9.913999999999999480e-01
9.918000000000000149e-01
9.927000000000000268e-01
9.942999999999999616e-01
9.955000000000000515e-01
9.920999999999999819e-01
9.838999999999999968e-01
9.772999999999999465e-01
9.731999999999999540e-01
9.714000000000000412e-01
9.717000000000000082e-01
9.741999999999999549e-01
9.784000000000000474e-01
9.848000000000000087e-01
9.905000000000000471e-01
9.917000000000000259e-01
9.913999999999999480e-01
9.906000000000000361e-01
9.897000000000000242e-01
9.891999999999999682e-01
9.896000000000000352e-01
9.901999999999999691e-01
9.906000000000000361e-01
9.909000000000000030e-01
9.917000000000000259e-01
9.921999999999999709e-01
9.920999999999999819e-01
9.919000000000000039e-01
9.917000000000000259e-01
9.919000000000000039e-01
9.926000000000000378e-01
9.933999999999999497e-01
9.938000000000000167e-01
9.943999999999999506e-01
9.948000000000000176e-01
9.943999999999999506e-01
9.938000000000000167e-01
9.932999999999999607e-01
9.932999999999999607e-01
9.937000000000000277e-01
9.942999999999999616e-01
9.939999999999999947e-01
9.928000000000000158e-01
9.910999999999999810e-01
9.896000000000000352e-01
9.889000000000000012e-01
9.888000000000000123e-01
9.893999999999999462e-01
9.900999999999999801e-01
9.909999999999999920e-01
9.919000000000000039e-01
9.919999999999999929e-01
9.907000000000000250e-01
9.879000000000000004e-01
9.844000000000000528e-01
9.797000000000000153e-01
9.713000000000000522e-01
9.534000000000000252e-01
9.191000000000000281e-01
8.750999999999999890e-01
8.375000000000000222e-01
8.134000000000000119e-01
8.037999999999999590e-01
8.094000000000000083e-01
8.297999999999999821e-01
8.632999999999999563e-01
9.050000000000000266e-01
9.402000000000000357e-01
9.593000000000000416e-01
9.687000000000000055e-01
9.749999999999999778e-01
9.801999999999999602e-01
9.851999999999999647e-01
9.892999999999999572e-01
9.918000000000000149e-01
9.937000000000000277e-01
9.940999999999999837e-01
9.930999999999999828e-01
9.912999999999999590e-01
9.897000000000000242e-01
9.880999999999999783e-01
9.856000000000000316e-01
9.829999999999999849e-01
9.811999999999999611e-01
9.808000000000000052e-01
9.817000000000000171e-01
9.832999999999999519e-01
9.852999999999999536e-01
9.880999999999999783e-01
9.911999999999999700e-01
9.933999999999999497e-01
9.931999999999999718e-01
9.881999999999999673e-01
9.776000000000000245e-01
9.686000000000000165e-01
9.629999999999999671e-01
9.605000000000000204e-01
9.610999999999999543e-01
9.638999999999999790e-01
9.697000000000000064e-01
9.789999999999999813e-01
9.893999999999999462e-01
9.930999999999999828e-01
9.940999999999999837e-01
9.947000000000000286e-01
9.953999999999999515e-01
9.965000000000000524e-01
9.973999999999999533e-01
9.970999999999999863e-01
9.959000000000000075e-01
9.945000000000000506e-01
9.930999999999999828e-01
9.911999999999999700e-01
9.890999999999999792e-01
9.871999999999999664e-01
9.856000000000000316e-01
9.848999999999999977e-01
9.856000000000000316e-01
9.869999999999999885e-01
9.886000000000000343e-01
9.905000000000000471e-01
9.922999999999999599e-01
9.939000000000000057e-01
9.946000000000000396e-01
9.940999999999999837e-01
9.926000000000000378e-01
9.911999999999999700e-01
9.900999999999999801e-01
9.879000000000000004e-01
9.856000000000000316e-01
9.842999999999999527e-01
9.842999999999999527e-01
9.851999999999999647e-01
9.864000000000000545e-01
9.877000000000000224e-01
9.889000000000000012e-01
9.905000000000000471e-01
9.922999999999999599e-01
9.925000000000000488e-01
9.921999999999999709e-01
9.925000000000000488e-01
9.929999999999999938e-01
9.939000000000000057e-01
9.952999999999999625e-01
9.968000000000000194e-01
9.976000000000000423e-01
9.979000000000000092e-01
9.980999999999999872e-01
9.978000000000000203e-01
9.969999999999999973e-01
9.955000000000000515e-01
9.929999999999999938e-01
9.855000000000000426e-01
9.688999999999999835e-01
9.544000000000000261e-01
9.455999999999999961e-01
9.417999999999999705e-01
9.425000000000000044e-01
9.471000000000000529e-01
9.533000000000000362e-01
9.590999999999999526e-01
9.684000000000000385e-01
9.736000000000000210e-01
9.738999999999999879e-01
9.740999999999999659e-01
9.758999999999999897e-01
9.796000000000000263e-01
9.856000000000000316e-01
9.927000000000000268e-01
9.966000000000000414e-01
9.976000000000000423e-01
9.978000000000000203e-01
9.980999999999999872e-01
9.982999999999999652e-01
9.983999999999999542e-01
9.983999999999999542e-01
9.983999999999999542e-01
9.983999999999999542e-01
9.983999999999999542e-01
9.982999999999999652e-01
9.981999999999999762e-01
9.979999999999999982e-01
9.972999999999999643e-01
9.960999999999999854e-01
9.949000000000000066e-01
9.941999999999999726e-01
9.940999999999999837e-01
9.943999999999999506e-01
9.950999999999999845e-01
9.958000000000000185e-01
9.961999999999999744e-01
9.952999999999999625e-01
9.932999999999999607e-01
9.912999999999999590e-01
9.887000000000000233e-01
9.859999999999999876e-01
9.845000000000000417e-01
9.842999999999999527e-01
9.855000000000000426e-01
9.879999999999999893e-01
9.910999999999999810e-01
9.930999999999999828e-01
9.952999999999999625e-01
9.979000000000000092e-01
9.989999999999999991e-01
9.992999999999999661e-01
9.992999999999999661e-01
9.993999999999999551e-01
9.991999999999999771e-01
9.986000000000000432e-01
9.972999999999999643e-01
9.939999999999999947e-01
9.901999999999999691e-01
9.874000000000000554e-01
9.858999999999999986e-01
9.852999999999999536e-01
9.858000000000000096e-01
9.874000000000000554e-01
9.900999999999999801e-01
9.937000000000000277e-01
9.975000000000000533e-01
9.981999999999999762e-01
9.967000000000000304e-01
9.946000000000000396e-01
9.929000000000000048e-01
9.917000000000000259e-01
9.908000000000000140e-01
9.898000000000000131e-01
9.891999999999999682e-01
9.896000000000000352e-01
9.911999999999999700e-01
9.932999999999999607e-01
9.942999999999999616e-01
9.949000000000000066e-01
9.955000000000000515e-01
9.967000000000000304e-01
9.979999999999999982e-01
9.980999999999999872e-01
9.976000000000000423e-01
9.967000000000000304e-01
9.959000000000000075e-01
9.955000000000000515e-01
9.950999999999999845e-01
9.943999999999999506e-01
9.940999999999999837e-01
9.942999999999999616e-01
9.942999999999999616e-01
9.938000000000000167e-01
9.935000000000000497e-01
9.932999999999999607e-01
9.930999999999999828e-01
9.928000000000000158e-01
9.923999999999999488e-01
9.919999999999999929e-01
9.922999999999999599e-01
9.928000000000000158e-01
9.929000000000000048e-01
9.929000000000000048e-01
9.929999999999999938e-01
9.923999999999999488e-01
9.915000000000000480e-01
9.901999999999999691e-01
9.892999999999999572e-01
9.890999999999999792e-01
9.892999999999999572e-01
9.897000000000000242e-01
9.903999999999999471e-01
9.911999999999999700e-01
9.921999999999999709e-01
9.927000000000000268e-01
9.930999999999999828e-01
9.932999999999999607e-01
9.936000000000000387e-01
9.937000000000000277e-01
9.933999999999999497e-01
9.929999999999999938e-01
9.920999999999999819e-01
9.908000000000000140e-01
9.898000000000000131e-01
9.895000000000000462e-01
9.892999999999999572e-01
9.880999999999999783e-01
9.871999999999999664e-01
9.868999999999999995e-01
9.875000000000000444e-01
9.881999999999999673e-01
9.882999999999999563e-01
9.886000000000000343e-01
9.899999999999999911e-01
9.919999999999999929e-01
9.933999999999999497e-01
9.935000000000000497e-01
9.931999999999999718e-01
9.930999999999999828e-01
9.935000000000000497e-01
9.942999999999999616e-01
9.950999999999999845e-01
9.958000000000000185e-01
9.968000000000000194e-01
9.972999999999999643e-01
9.969000000000000083e-01
9.957000000000000295e-01
9.947000000000000286e-01
9.940999999999999837e-01
9.939000000000000057e-01
9.939999999999999947e-01
9.946000000000000396e-01
9.957000000000000295e-01
9.969000000000000083e-01
9.981999999999999762e-01
9.989999999999999991e-01
9.992999999999999661e-01
9.992999999999999661e-01
9.991999999999999771e-01
9.990999999999999881e-01
9.987000000000000322e-01
9.981999999999999762e-01
9.969999999999999973e-01
9.959000000000000075e-01
9.950999999999999845e-01
9.945000000000000506e-01
9.939000000000000057e-01
9.935000000000000497e-01
9.936000000000000387e-01
9.940999999999999837e-01
9.946000000000000396e-01
9.938000000000000167e-01
9.881999999999999673e-01
9.825000000000000400e-01
9.781999999999999584e-01
9.752999999999999448e-01
9.740999999999999659e-01
9.745000000000000329e-01
9.768000000000000016e-01
9.809999999999999831e-01
9.874000000000000554e-01
9.945000000000000506e-01
9.969000000000000083e-01
9.979000000000000092e-01
9.980999999999999872e-01
9.979000000000000092e-01
9.977000000000000313e-01
9.973999999999999533e-01
9.969999999999999973e-01
9.967000000000000304e-01
9.966000000000000414e-01
9.966000000000000414e-01
9.963999999999999524e-01
9.962999999999999634e-01
9.961999999999999744e-01
9.961999999999999744e-01
9.963999999999999524e-01
9.969000000000000083e-01
9.971999999999999753e-01
9.976000000000000423e-01
9.979000000000000092e-01
9.980999999999999872e-01
9.983999999999999542e-01
9.987000000000000322e-01
9.990999999999999881e-01
9.992999999999999661e-01
9.993999999999999551e-01
9.996000000000000441e-01
9.997000000000000330e-01
9.997000000000000330e-01
9.996000000000000441e-01
9.995000000000000551e-01
9.993999999999999551e-01
9.993999999999999551e-01
9.993999999999999551e-01
9.993999999999999551e-01
9.993999999999999551e-01
9.995000000000000551e-01
9.996000000000000441e-01
9.995000000000000551e-01
9.991999999999999771e-01
9.988000000000000211e-01
9.985000000000000542e-01
9.983999999999999542e-01
9.983999999999999542e-01
9.983999999999999542e-01
9.981999999999999762e-01
9.980999999999999872e-01
9.980999999999999872e-01
9.978000000000000203e-01
9.972999999999999643e-01
9.966000000000000414e-01
9.961999999999999744e-01
9.960999999999999854e-01
9.963999999999999524e-01
9.968000000000000194e-01
9.968000000000000194e-01
9.966000000000000414e-01
9.966000000000000414e-01
9.962999999999999634e-01
9.959999999999999964e-01
9.958000000000000185e-01
9.955000000000000515e-01
9.955000000000000515e-01
9.956000000000000405e-01
9.953999999999999515e-01
9.942999999999999616e-01
9.931999999999999718e-01
9.922999999999999599e-01
9.909999999999999920e-01
9.903999999999999471e-01
9.903999999999999471e-01
9.906000000000000361e-01
9.915000000000000480e-01
9.929999999999999938e-01
9.943999999999999506e-01
9.948000000000000176e-01
9.952999999999999625e-01
9.960999999999999854e-01
9.962999999999999634e-01
9.965000000000000524e-01
9.969999999999999973e-01
9.970999999999999863e-01
9.972999999999999643e-01
9.978000000000000203e-01
9.980999999999999872e-01
9.979999999999999982e-01
9.978000000000000203e-01
9.975000000000000533e-01
9.969999999999999973e-01
9.962999999999999634e-01
9.953999999999999515e-01
9.941999999999999726e-01
9.926000000000000378e-01
9.902999999999999581e-01
9.866000000000000325e-01
9.799999999999999822e-01
9.671999999999999487e-01
9.424000000000000155e-01
9.052999999999999936e-01
8.695000000000000506e-01
8.424000000000000377e-01
8.263000000000000345e-01
8.215999999999999970e-01
8.286999999999999922e-01
8.473000000000000531e-01
8.762999999999999678e-01
9.131000000000000227e-01
9.489999999999999547e-01
9.709999999999999742e-01
9.821999999999999620e-01
9.879999999999999893e-01
9.910999999999999810e-01
9.929000000000000048e-01
9.940999999999999837e-01
9.947000000000000286e-01
9.946000000000000396e-01
9.942999999999999616e-01
9.941999999999999726e-01
9.941999999999999726e-01
9.942999999999999616e-01
9.947000000000000286e-01
9.950999999999999845e-01
9.953999999999999515e-01
9.959999999999999964e-01
9.968000000000000194e-01
9.972999999999999643e-01
9.973999999999999533e-01
9.973999999999999533e-01
9.975000000000000533e-01
9.973999999999999533e-01
9.971999999999999753e-01
9.970999999999999863e-01
9.970999999999999863e-01
9.970999999999999863e-01
9.971999999999999753e-01
9.976000000000000423e-01
9.979999999999999982e-01
9.980999999999999872e-01
9.973999999999999533e-01
9.965000000000000524e-01
9.940999999999999837e-01
9.865000000000000435e-01
9.756000000000000227e-01
9.645000000000000240e-01
9.554000000000000270e-01
9.502000000000000446e-01
9.489999999999999547e-01
9.512000000000000455e-01
9.559999999999999609e-01
9.637000000000000011e-01
9.749999999999999778e-01
9.869999999999999885e-01
9.938000000000000167e-01
9.972999999999999643e-01
9.982999999999999652e-01
9.980999999999999872e-01
9.971999999999999753e-01
9.960999999999999854e-01
9.952999999999999625e-01
9.948000000000000176e-01
9.946000000000000396e-01
9.949000000000000066e-01
9.953999999999999515e-01
9.965000000000000524e-01
9.978000000000000203e-01
9.993999999999999551e-01
1.000000000000000000e+00
1.000999999999999890e+00
1.000999999999999890e+00
1.000000000000000000e+00
1.000000000000000000e+00
1.000000000000000000e+00
9.998000000000000220e-01
9.997000000000000330e-01
9.997000000000000330e-01
9.998000000000000220e-01
9.998000000000000220e-01
9.997000000000000330e-01
9.997000000000000330e-01
9.997000000000000330e-01
9.997000000000000330e-01
9.999000000000000110e-01
1.000000000000000000e+00
1.000000000000000000e+00
1.000000000000000000e+00
1.000000000000000000e+00
1.000000000000000000e+00
1.000000000000000000e+00
1.000000000000000000e+00
1.000000000000000000e+00
1.000000000000000000e+00
9.996000000000000441e-01
9.980999999999999872e-01
9.966000000000000414e-01
9.953999999999999515e-01
9.945000000000000506e-01
9.939999999999999947e-01
9.939999999999999947e-01
9.938000000000000167e-01
9.935000000000000497e-01
9.937000000000000277e-01
9.942999999999999616e-01
9.943999999999999506e-01
9.937000000000000277e-01
9.919999999999999929e-01
9.895000000000000462e-01
9.877000000000000224e-01
9.865000000000000435e-01
9.830999999999999739e-01
9.755000000000000338e-01
9.691999999999999504e-01
9.654000000000000359e-01
9.637000000000000011e-01
9.645000000000000240e-01
9.677000000000000046e-01
9.716000000000000192e-01
9.765000000000000346e-01
9.835000000000000409e-01
9.910999999999999810e-01
9.965000000000000524e-01
9.981999999999999762e-01
9.965000000000000524e-01
9.942999999999999616e-01
9.928000000000000158e-01
9.919000000000000039e-01
9.915000000000000480e-01
9.913999999999999480e-01
9.909000000000000030e-01
9.906000000000000361e-01
9.909000000000000030e-01
9.918000000000000149e-01
9.913999999999999480e-01
9.868999999999999995e-01
9.826000000000000290e-01
9.801999999999999602e-01
9.794000000000000483e-01
9.800999999999999712e-01
9.812999999999999501e-01
9.811999999999999611e-01
9.819999999999999840e-01
9.842999999999999527e-01
9.878000000000000114e-01
9.908000000000000140e-01
9.915000000000000480e-01
9.917000000000000259e-01
9.923999999999999488e-01
9.937000000000000277e-01
9.957000000000000295e-01
9.976000000000000423e-01
9.983999999999999542e-01
9.985000000000000542e-01
9.978000000000000203e-01
9.976000000000000423e-01
9.978000000000000203e-01
9.978000000000000203e-01
9.976000000000000423e-01
9.975000000000000533e-01
9.976000000000000423e-01
9.978000000000000203e-01
9.981999999999999762e-01
9.982999999999999652e-01
9.981999999999999762e-01
9.979000000000000092e-01
9.977000000000000313e-01
9.977000000000000313e-01
9.977000000000000313e-01
9.977000000000000313e-01
9.979000000000000092e-01
9.983999999999999542e-01
9.991999999999999771e-01
1.000000000000000000e+00
1.000999999999999890e+00
9.998000000000000220e-01
9.988000000000000211e-01
9.979999999999999982e-01
9.975000000000000533e-01
9.969000000000000083e-01
9.966000000000000414e-01
9.963999999999999524e-01
9.961999999999999744e-01
9.958000000000000185e-01
9.961999999999999744e-01
9.969999999999999973e-01
9.969999999999999973e-01
9.967000000000000304e-01
9.961999999999999744e-01
9.955000000000000515e-01
9.949999999999999956e-01
9.946000000000000396e-01
9.935000000000000497e-01
9.917000000000000259e-01
9.901999999999999691e-01
9.892999999999999572e-01
9.888000000000000123e-01
9.887000000000000233e-01
9.892999999999999572e-01
9.901999999999999691e-01
9.913999999999999480e-01
9.930999999999999828e-01
9.953999999999999515e-01
9.965000000000000524e-01
9.968000000000000194e-01
9.969000000000000083e-01
9.972999999999999643e-01
9.975000000000000533e-01
9.978000000000000203e-01
9.979999999999999982e-01
9.981999999999999762e-01
9.983999999999999542e-01
9.981999999999999762e-01
9.970999999999999863e-01
9.960999999999999854e-01
9.953999999999999515e-01
9.946000000000000396e-01
9.939999999999999947e-01
9.937000000000000277e-01
9.940999999999999837e-01
9.949000000000000066e-01
9.957000000000000295e-01
9.962999999999999634e-01
9.965000000000000524e-01
9.959000000000000075e-01
9.953999999999999515e-01
9.950999999999999845e-01
9.949999999999999956e-01
9.951999999999999735e-01
9.956000000000000405e-01
9.963999999999999524e-01
9.976000000000000423e-01
9.991999999999999771e-01
1.000000000000000000e+00
1.000000000000000000e+00
9.999000000000000110e-01
9.998000000000000220e-01
9.997000000000000330e-01
9.995000000000000551e-01
9.989999999999999991e-01
9.980999999999999872e-01
9.969999999999999973e-01
9.962999999999999634e-01
9.958000000000000185e-01
9.952999999999999625e-01
9.936000000000000387e-01
9.901999999999999691e-01
9.877000000000000224e-01
9.864000000000000545e-01
9.859999999999999876e-01
9.862999999999999545e-01
9.868999999999999995e-01
9.876000000000000334e-01
9.874000000000000554e-01
9.854000000000000536e-01
9.851999999999999647e-01
9.858000000000000096e-01
9.859999999999999876e-01
9.862999999999999545e-01
9.871999999999999664e-01
9.888000000000000123e-01
9.909999999999999920e-01
9.940999999999999837e-01
9.981999999999999762e-01
1.002000000000000002e+00
1.002999999999999892e+00
1.002999999999999892e+00
1.002999999999999892e+00
1.002999999999999892e+00
1.002999999999999892e+00
1.002999999999999892e+00
1.002999999999999892e+00
1.002000000000000002e+00
1.002000000000000002e+00
1.000999999999999890e+00
1.000999999999999890e+00
1.000999999999999890e+00
1.000999999999999890e+00
1.002000000000000002e+00
1.002000000000000002e+00
1.002000000000000002e+00
1.002999999999999892e+00
1.002999999999999892e+00
1.002999999999999892e+00
1.002999999999999892e+00
1.002999999999999892e+00
1.002000000000000002e+00
1.000999999999999890e+00
1.000000000000000000e+00
9.997000000000000330e-01
9.996000000000000441e-01
9.996000000000000441e-01
9.996000000000000441e-01
1.000000000000000000e+00
1.000000000000000000e+00
1.000999999999999890e+00
1.000999999999999890e+00
1.000999999999999890e+00
1.000999999999999890e+00
1.000000000000000000e+00
1.000000000000000000e+00
1.000000000000000000e+00
1.000000000000000000e+00
1.000000000000000000e+00
1.000000000000000000e+00
1.000000000000000000e+00
9.999000000000000110e-01
1.000000000000000000e+00
1.000000000000000000e+00
1.000000000000000000e+00
1.000000000000000000e+00
1.000999999999999890e+00
1.000999999999999890e+00
1.000999999999999890e+00
1.000999999999999890e+00
1.000999999999999890e+00
1.000999999999999890e+00
1.000999999999999890e+00
1.000999999999999890e+00
1.000999999999999890e+00
1.000000000000000000e+00
1.000000000000000000e+00
1.000999999999999890e+00
1.000999999999999890e+00
1.000999999999999890e+00
1.000999999999999890e+00
1.000999999999999890e+00
1.000999999999999890e+00
1.000999999999999890e+00
1.000999999999999890e+00
1.000000000000000000e+00
9.996000000000000441e-01
9.973999999999999533e-01
9.957000000000000295e-01
9.946000000000000396e-01
9.939000000000000057e-01
9.933999999999999497e-01
9.932999999999999607e-01
9.931999999999999718e-01
9.933999999999999497e-01
9.939000000000000057e-01
9.950999999999999845e-01
9.963999999999999524e-01
9.963999999999999524e-01
9.963999999999999524e-01
9.967000000000000304e-01
9.971999999999999753e-01
9.975000000000000533e-01
9.979000000000000092e-01
9.971999999999999753e-01
9.937000000000000277e-01
9.906000000000000361e-01
9.886000000000000343e-01
9.870999999999999774e-01
9.862999999999999545e-01
9.860999999999999766e-01
9.868999999999999995e-01
9.887000000000000233e-01
9.911999999999999700e-01
9.947000000000000286e-01
9.985000000000000542e-01
9.998000000000000220e-01
1.000000000000000000e+00
9.999000000000000110e-01
9.999000000000000110e-01
1.000000000000000000e+00
9.999000000000000110e-01
9.998000000000000220e-01
9.998000000000000220e-01
9.997000000000000330e-01
9.996000000000000441e-01
9.993999999999999551e-01
9.991999999999999771e-01
9.989999999999999991e-01
9.988000000000000211e-01
9.985000000000000542e-01
9.983999999999999542e-01
9.982999999999999652e-01
9.982999999999999652e-01
9.987000000000000322e-01
9.992999999999999661e-01
9.999000000000000110e-01
1.000000000000000000e+00
1.000999999999999890e+00
1.000999999999999890e+00
1.000999999999999890e+00
1.002000000000000002e+00
1.002000000000000002e+00
1.002000000000000002e+00
1.000999999999999890e+00
1.000999999999999890e+00
1.000000000000000000e+00
1.000000000000000000e+00
1.000000000000000000e+00
1.000000000000000000e+00
1.000000000000000000e+00
9.997000000000000330e-01
9.998000000000000220e-01
9.999000000000000110e-01
1.000000000000000000e+00
1.000000000000000000e+00
1.000000000000000000e+00
1.000000000000000000e+00
1.000000000000000000e+00
1.000000000000000000e+00
9.999000000000000110e-01
9.998000000000000220e-01
9.995000000000000551e-01
9.989999999999999991e-01
9.977000000000000313e-01
9.959000000000000075e-01
9.943999999999999506e-01
9.919999999999999929e-01
9.891999999999999682e-01
9.870999999999999774e-01
9.858999999999999986e-01
9.856000000000000316e-01
9.860999999999999766e-01
9.874000000000000554e-01
9.896000000000000352e-01
9.921999999999999709e-01
9.941999999999999726e-01
9.967000000000000304e-01
9.993999999999999551e-01
1.000000000000000000e+00
1.000000000000000000e+00
1.000000000000000000e+00
9.988000000000000211e-01
9.955000000000000515e-01
9.927000000000000268e-01
9.907000000000000250e-01
9.895000000000000462e-01
9.887000000000000233e-01
9.883999999999999453e-01
9.887000000000000233e-01
9.898000000000000131e-01
9.918000000000000149e-01
9.947000000000000286e-01
9.979999999999999982e-01
9.989000000000000101e-01
9.989999999999999991e-01
9.987000000000000322e-01
9.971999999999999753e-01
9.960999999999999854e-01
9.951999999999999735e-01
9.942999999999999616e-01
9.936000000000000387e-01
9.933999999999999497e-01
9.938000000000000167e-01
9.946000000000000396e-01
9.953999999999999515e-01
9.963999999999999524e-01
9.980999999999999872e-01
9.991999999999999771e-01
9.995000000000000551e-01
9.999000000000000110e-01
1.000000000000000000e+00
1.000999999999999890e+00
1.000999999999999890e+00
1.000000000000000000e+00
1.000999999999999890e+00
1.000999999999999890e+00
1.000999999999999890e+00
1.000999999999999890e+00
1.000999999999999890e+00
1.002000000000000002e+00
1.002000000000000002e+00
1.002999999999999892e+00
1.002000000000000002e+00
1.000999999999999890e+00
1.000000000000000000e+00
9.992999999999999661e-01
9.986000000000000432e-01
9.978000000000000203e-01
9.970999999999999863e-01
9.965000000000000524e-01
9.961999999999999744e-01
9.969000000000000083e-01
9.982999999999999652e-01
9.989999999999999991e-01
9.988000000000000211e-01
9.985000000000000542e-01
9.983999999999999542e-01
9.983999999999999542e-01
9.986000000000000432e-01
9.988000000000000211e-01
9.987000000000000322e-01
9.980999999999999872e-01
9.972999999999999643e-01
9.967000000000000304e-01
9.963999999999999524e-01
9.961999999999999744e-01
9.959999999999999964e-01
9.961999999999999744e-01
9.966000000000000414e-01
9.971999999999999753e-01
9.981999999999999762e-01
9.993999999999999551e-01
1.000000000000000000e+00
1.000999999999999890e+00
1.000999999999999890e+00
1.000000000000000000e+00
9.989999999999999991e-01
9.980999999999999872e-01
9.973999999999999533e-01
9.970999999999999863e-01
9.968000000000000194e-01
9.962999999999999634e-01
9.950999999999999845e-01
9.942999999999999616e-01
9.939999999999999947e-01
9.942999999999999616e-01
9.948000000000000176e-01
9.949000000000000066e-01
9.947000000000000286e-01
9.948000000000000176e-01
9.951999999999999735e-01
9.960999999999999854e-01
9.970999999999999863e-01
9.978000000000000203e-01
9.979000000000000092e-01
9.979999999999999982e-01
9.981999999999999762e-01
9.985000000000000542e-01
9.990999999999999881e-01
9.996000000000000441e-01
9.999000000000000110e-01
1.000000000000000000e+00
1.000000000000000000e+00
1.000000000000000000e+00
1.000000000000000000e+00
1.000000000000000000e+00
1.000000000000000000e+00
1.000000000000000000e+00
1.000000000000000000e+00
9.999000000000000110e-01
9.997000000000000330e-01
9.991999999999999771e-01
9.983999999999999542e-01
9.978000000000000203e-01
9.972999999999999643e-01
9.969999999999999973e-01
9.969000000000000083e-01
9.969999999999999973e-01
9.969000000000000083e-01
9.961999999999999744e-01
9.957000000000000295e-01
9.958000000000000185e-01
9.962999999999999634e-01
9.962999999999999634e-01
9.962999999999999634e-01
9.963999999999999524e-01
9.967000000000000304e-01
9.970999999999999863e-01
9.979000000000000092e-01
9.988000000000000211e-01
9.997000000000000330e-01
1.000000000000000000e+00
1.000000000000000000e+00
1.000000000000000000e+00
1.000000000000000000e+00
9.988000000000000211e-01
9.949000000000000066e-01
9.913999999999999480e-01
9.889999999999999902e-01
9.870999999999999774e-01
9.847000000000000197e-01
9.812999999999999501e-01
9.790999999999999703e-01
9.786000000000000254e-01
9.795000000000000373e-01
9.818000000000000060e-01
9.854000000000000536e-01
9.889999999999999902e-01
9.908000000000000140e-01
9.923999999999999488e-01
9.943999999999999506e-01
9.968000000000000194e-01
9.979999999999999982e-01
9.973999999999999533e-01
9.956000000000000405e-01
9.932999999999999607e-01
9.918000000000000149e-01
9.913999999999999480e-01
9.915000000000000480e-01
9.919000000000000039e-01
9.928000000000000158e-01
9.938000000000000167e-01
9.945000000000000506e-01
9.953999999999999515e-01
9.961999999999999744e-01
9.968000000000000194e-01
9.969000000000000083e-01
9.962999999999999634e-01
9.953999999999999515e-01
9.949999999999999956e-01
9.949999999999999956e-01
9.955000000000000515e-01
9.965000000000000524e-01
9.975000000000000533e-01
9.982999999999999652e-01
9.989000000000000101e-01
9.980999999999999872e-01
9.965000000000000524e-01
9.951999999999999735e-01
9.946000000000000396e-01
9.942999999999999616e-01
9.939000000000000057e-01
9.936000000000000387e-01
9.940999999999999837e-01
9.950999999999999845e-01
9.965000000000000524e-01
9.981999999999999762e-01
9.999000000000000110e-01
1.000999999999999890e+00
1.000999999999999890e+00
1.000999999999999890e+00
1.000000000000000000e+00
1.000000000000000000e+00
9.997000000000000330e-01
9.990999999999999881e-01
9.979999999999999982e-01
9.968000000000000194e-01
9.959999999999999964e-01
9.956000000000000405e-01
9.955000000000000515e-01
9.953999999999999515e-01
9.956000000000000405e-01
9.959000000000000075e-01
9.963999999999999524e-01
9.969999999999999973e-01
9.979999999999999982e-01
9.991999999999999771e-01
9.992999999999999661e-01
9.983999999999999542e-01
9.973999999999999533e-01
9.968000000000000194e-01
9.963999999999999524e-01
9.961999999999999744e-01
9.961999999999999744e-01
9.962999999999999634e-01
9.965000000000000524e-01
9.969000000000000083e-01
9.975000000000000533e-01
9.983999999999999542e-01
9.991999999999999771e-01
9.992999999999999661e-01
9.993999999999999551e-01
9.993999999999999551e-01
9.993999999999999551e-01
9.995000000000000551e-01
9.993999999999999551e-01
9.992999999999999661e-01
9.990999999999999881e-01
9.989999999999999991e-01
9.989999999999999991e-01
9.989999999999999991e-01
9.989999999999999991e-01
9.989999999999999991e-01
9.989999999999999991e-01
9.990999999999999881e-01
9.992999999999999661e-01
9.996000000000000441e-01
1.000000000000000000e+00
1.000999999999999890e+00
1.000999999999999890e+00
1.002000000000000002e+00
1.002000000000000002e+00
1.002000000000000002e+00
1.002000000000000002e+00
1.002000000000000002e+00
1.002000000000000002e+00
1.002000000000000002e+00
1.000999999999999890e+00
1.000999999999999890e+00
1.000000000000000000e+00
1.000000000000000000e+00
9.996000000000000441e-01
9.993999999999999551e-01
9.992999999999999661e-01
9.991999999999999771e-01
9.990999999999999881e-01
9.989000000000000101e-01
9.989000000000000101e-01
9.989000000000000101e-01
9.989999999999999991e-01
9.990999999999999881e-01
9.992999999999999661e-01
9.993999999999999551e-01
9.995000000000000551e-01
9.992999999999999661e-01
9.986000000000000432e-01
9.979999999999999982e-01
9.976000000000000423e-01
9.972999999999999643e-01
9.970999999999999863e-01
9.969999999999999973e-01
9.970999999999999863e-01
9.972999999999999643e-01
9.977000000000000313e-01
9.982999999999999652e-01
9.992999999999999661e-01
1.000999999999999890e+00
1.000999999999999890e+00
1.000999999999999890e+00
1.002000000000000002e+00
1.002000000000000002e+00
1.002000000000000002e+00
1.002000000000000002e+00
1.002000000000000002e+00
1.000999999999999890e+00
1.000999999999999890e+00
1.000000000000000000e+00
1.000000000000000000e+00
9.997000000000000330e-01
9.990999999999999881e-01
9.987000000000000322e-01
9.983999999999999542e-01
9.981999999999999762e-01
9.980999999999999872e-01
9.981999999999999762e-01
9.982999999999999652e-01
9.985000000000000542e-01
9.987000000000000322e-01
9.989000000000000101e-01
9.991999999999999771e-01
9.993999999999999551e-01
9.992999999999999661e-01
9.990999999999999881e-01
9.987000000000000322e-01
9.975000000000000533e-01
9.917000000000000259e-01
9.806000000000000272e-01
9.713000000000000522e-01
9.647999999999999909e-01
9.605000000000000204e-01
9.578999999999999737e-01
9.572000000000000508e-01
9.586000000000000076e-01
9.619999999999999662e-01
9.673000000000000487e-01
9.744000000000000439e-01
9.834000000000000519e-01
9.925000000000000488e-01
9.946000000000000396e-01
9.943999999999999506e-01
9.941999999999999726e-01
9.941999999999999726e-01
9.942999999999999616e-01
9.945000000000000506e-01
9.951999999999999735e-01
9.966000000000000414e-01
9.983999999999999542e-01
1.000000000000000000e+00
1.000999999999999890e+00
1.000999999999999890e+00
1.000999999999999890e+00
1.000999999999999890e+00
1.000999999999999890e+00
1.000999999999999890e+00
1.000000000000000000e+00
9.993999999999999551e-01
9.988000000000000211e-01
9.985000000000000542e-01
9.988000000000000211e-01
9.990999999999999881e-01
9.993999999999999551e-01
9.996000000000000441e-01
9.998000000000000220e-01
1.000000000000000000e+00
1.000000000000000000e+00
1.000999999999999890e+00
1.000000000000000000e+00
1.000000000000000000e+00
1.000000000000000000e+00
9.997000000000000330e-01
9.995000000000000551e-01
9.995000000000000551e-01
9.991999999999999771e-01
9.987000000000000322e-01
9.981999999999999762e-01
9.973999999999999533e-01
9.966000000000000414e-01
9.961999999999999744e-01
9.959999999999999964e-01
9.959000000000000075e-01
9.959999999999999964e-01
9.963999999999999524e-01
9.971999999999999753e-01
9.981999999999999762e-01
9.990999999999999881e-01
9.995000000000000551e-01
1.000000000000000000e+00
1.000999999999999890e+00
1.000999999999999890e+00
1.000999999999999890e+00
1.002000000000000002e+00
1.002000000000000002e+00
1.002000000000000002e+00
1.002000000000000002e+00
1.002000000000000002e+00
1.002000000000000002e+00
1.002000000000000002e+00
1.002000000000000002e+00
1.000999999999999890e+00
9.999000000000000110e-01
9.989999999999999991e-01
9.981999999999999762e-01
9.976000000000000423e-01
9.971999999999999753e-01
9.969000000000000083e-01
9.967000000000000304e-01
9.967000000000000304e-01
9.967000000000000304e-01
9.969999999999999973e-01
9.972999999999999643e-01
9.977000000000000313e-01
9.982999999999999652e-01
9.988000000000000211e-01
9.989999999999999991e-01
9.991999999999999771e-01
9.997000000000000330e-01
1.000000000000000000e+00
1.000000000000000000e+00
1.000999999999999890e+00
1.000999999999999890e+00
1.000999999999999890e+00
1.000999999999999890e+00
1.000999999999999890e+00
1.000999999999999890e+00
1.000999999999999890e+00
1.000000000000000000e+00
1.000000000000000000e+00
9.999000000000000110e-01
9.999000000000000110e-01
9.999000000000000110e-01
9.999000000000000110e-01
9.998000000000000220e-01
9.998000000000000220e-01
9.996000000000000441e-01
9.995000000000000551e-01
9.995000000000000551e-01
9.992999999999999661e-01
9.989999999999999991e-01
9.989999999999999991e-01
9.991999999999999771e-01
9.992999999999999661e-01
9.995000000000000551e-01
9.996000000000000441e-01
9.997000000000000330e-01
9.999000000000000110e-01
9.999000000000000110e-01
9.998000000000000220e-01
9.997000000000000330e-01
9.996000000000000441e-01
9.993999999999999551e-01
9.989000000000000101e-01
9.987000000000000322e-01
9.987000000000000322e-01
9.988000000000000211e-01
9.988000000000000211e-01
9.988000000000000211e-01
9.988000000000000211e-01
9.989000000000000101e-01
9.989999999999999991e-01
9.990999999999999881e-01
9.990999999999999881e-01
9.991999999999999771e-01
9.992999999999999661e-01
9.992999999999999661e-01
9.993999999999999551e-01
9.995000000000000551e-01
9.997000000000000330e-01
9.999000000000000110e-01
9.999000000000000110e-01
9.992999999999999661e-01
9.988000000000000211e-01
9.983999999999999542e-01
9.980999999999999872e-01
9.979000000000000092e-01
9.978000000000000203e-01
9.979000000000000092e-01
9.979000000000000092e-01
9.979999999999999982e-01
9.982999999999999652e-01
9.988000000000000211e-01
9.993999999999999551e-01
9.997000000000000330e-01
9.997000000000000330e-01
9.997000000000000330e-01
9.995000000000000551e-01
9.991999999999999771e-01
9.995000000000000551e-01
1.000000000000000000e+00
1.000000000000000000e+00
1.000999999999999890e+00
1.000999999999999890e+00
1.000999999999999890e+00
1.000999999999999890e+00
1.002000000000000002e+00
1.002000000000000002e+00
1.002000000000000002e+00
1.002000000000000002e+00
1.000999999999999890e+00
1.000000000000000000e+00
1.000000000000000000e+00
1.000000000000000000e+00
9.999000000000000110e-01
9.999000000000000110e-01
9.999000000000000110e-01
9.999000000000000110e-01
9.998000000000000220e-01
9.998000000000000220e-01
9.997000000000000330e-01
9.997000000000000330e-01
9.996000000000000441e-01
9.996000000000000441e-01
9.996000000000000441e-01
9.996000000000000441e-01
9.996000000000000441e-01
9.997000000000000330e-01
9.997000000000000330e-01
9.997000000000000330e-01
9.995000000000000551e-01
9.987000000000000322e-01
9.977000000000000313e-01
9.969999999999999973e-01
9.963999999999999524e-01
9.959000000000000075e-01
9.955000000000000515e-01
9.949999999999999956e-01
9.946000000000000396e-01
9.943999999999999506e-01
9.941999999999999726e-01
9.938000000000000167e-01
9.932999999999999607e-01
9.931999999999999718e-01
9.927000000000000268e-01
9.921999999999999709e-01
9.917000000000000259e-01
9.915000000000000480e-01
9.918000000000000149e-01
9.923999999999999488e-01
9.929999999999999938e-01
9.937000000000000277e-01
9.948000000000000176e-01
9.959999999999999964e-01
9.969000000000000083e-01
9.971999999999999753e-01
9.976000000000000423e-01
9.980999999999999872e-01
9.986000000000000432e-01
9.988000000000000211e-01
9.989000000000000101e-01
9.990999999999999881e-01
9.991999999999999771e-01
9.992999999999999661e-01
9.993999999999999551e-01
9.995000000000000551e-01
9.996000000000000441e-01
9.996000000000000441e-01
9.996000000000000441e-01
9.996000000000000441e-01
9.997000000000000330e-01
9.997000000000000330e-01
9.997000000000000330e-01
9.997000000000000330e-01
9.998000000000000220e-01
9.998000000000000220e-01
9.998000000000000220e-01
9.998000000000000220e-01
