Data from 250_HR4D30811__0__07.txt Node

197.25	-5651.85
197.385	-5651.85
197.519	-5651.85
197.653	-5646.85
197.787	1667.15
197.922	-687.85
198.056	904.15
198.19	74.15
198.324	-1116.85
198.459	-1458.85
198.593	3534.15
198.727	-321.85
198.861	-603.85
198.996	1703.15
199.13	-2246.85
199.264	-1716.85
199.398	-118.85
199.533	2056.15
199.667	1139.15
199.801	-740.85
199.935	-1852.85
200.07	-518.85
200.204	250.15
200.338	-1578.85
200.472	-1100.85
200.606	-2436.85
200.741	-1362.85
200.875	-1416.85
201.009	-880.85
201.143	-2028.85
201.277	752.15
201.412	-83.85
201.546	2092.15
201.68	558.15
201.814	-1687.85
201.948	351.15
202.082	-742.85
202.217	-2338.85
202.351	-888.85
202.485	-636.85
202.619	-1630.85
202.753	-2485.85
202.887	2008.15
203.021	942.15
203.156	1976.15
203.29	422.15
203.424	-694.85
203.558	-1504.85
203.692	-698.85
203.826	-2330.85
203.96	-1376.85
204.094	1278.15
204.229	-1285.85
204.363	-1868.85
204.497	-2264.85
204.631	-2154.85
204.765	-1424.85
204.899	-677.85
205.033	-1137.85
205.167	-1849.85
205.301	95.15
205.435	-2343.85
205.569	-622.85
205.704	-748.85
205.838	-2433.85
205.972	-1329.85
206.106	3707.15
206.24	-965.85
206.374	-1891.85
206.508	-52.85
206.642	-88.85
206.776	-1440.85
206.91	785.15
207.044	-103.85
207.178	898.15
207.312	-690.85
207.446	-1089.85
207.58	-1093.85
207.714	-2441.85
207.848	1347.15
207.982	-2635.85
208.116	578.15
208.25	-1686.85
208.384	-1619.85
208.518	-1495.85
208.652	-2062.85
208.786	-2226.85
208.92	1620.15
209.054	-424.85
209.188	-1936.85
209.322	-820.85
209.456	-937.85
209.59	-2131.85
209.724	-689.85
209.858	-445.85
209.992	-847.85
210.126	-1442.85
210.26	-1036.85
210.394	-576.85
210.528	-346.85
210.662	-1441.85
210.796	-1151.85
210.929	807.15
211.063	-130.85
211.197	-342.85
211.331	-255.85
211.465	-1540.85
211.599	489.15
211.733	709.15
211.867	-1136.85
212.001	-1556.85
212.135	-811.85
212.269	-1473.85
212.402	-1366.85
212.536	542.15
212.67	-1191.85
212.804	-1718.85
212.938	178.15
213.072	-1825.85
213.206	-969.85
213.34	-1508.85
213.473	-1102.85
213.607	958.15
213.741	-2431.85
213.875	-1886.85
214.009	-1645.85
214.143	-1268.85
214.277	-1518.85
214.41	-1610.85
214.544	1295.15
214.678	957.15
214.812	1956.15
214.946	-1990.85
215.08	-873.85
215.213	-1630.85
215.347	-1253.85
215.481	-833.85
215.615	-2228.85
215.749	352.15
215.882	-1985.85
216.016	-2000.85
216.15	141.15
216.284	1319.15
216.418	-442.85
216.551	221.15
216.685	-223.85
216.819	-2164.85
216.953	-1370.85
217.086	2170.15
217.22	-1190.85
217.354	-461.85
217.488	151.15
217.621	666.15
217.755	-193.85
217.889	-1185.85
218.023	-827.85
218.156	669.15
218.29	349.15
218.424	1076.15
218.558	-1842.85
218.691	-2611.85
218.825	-1027.85
218.959	3119.15
219.092	-1299.85
219.226	-2140.85
219.36	-2373.85
219.494	-676.85
219.627	-1690.85
219.761	-1558.85
219.895	-657.85
220.028	-2263.85
220.162	2676.15
220.296	886.15
220.429	295.15
220.563	-1249.85
220.697	-587.85
220.83	-1374.85
220.964	-1219.85
221.098	-2093.85
221.231	-1902.85
221.365	623.15
221.499	-1914.85
221.632	-1713.85
221.766	53.15
221.9	-581.85
222.033	-824.85
222.167	630.15
222.3	-1667.85
222.434	218.15
222.568	1305.15
222.701	-1352.85
222.835	-1380.85
222.968	-1917.85
223.102	-2007.85
223.236	-2150.85
223.369	-178.85
223.503	543.15
223.636	-1907.85
223.77	-1466.85
223.904	-269.85
224.037	-1365.85
224.171	247.15
224.304	-117.85
224.438	-1863.85
224.571	-1057.85
224.705	1220.15
224.839	-737.85
224.972	-2745.85
225.106	218.15
225.239	-728.85
225.373	530.15
225.506	-553.85
225.64	787.15
225.773	-1086.85
225.907	-1345.85
226.04	-2570.85
226.174	-881.85
226.307	-632.85
226.441	-1145.85
226.575	-635.85
226.708	1312.15
226.842	-302.85
226.975	-1484.85
227.109	-1840.85
227.242	220.15
227.375	436.15
227.509	-543.85
227.642	-1652.85
227.776	681.15
227.909	159.15
228.043	-1785.85
228.176	1034.15
228.31	-1986.85
228.443	2045.15
228.577	-595.85
228.71	-1499.85
228.844	-179.85
228.977	-1698.85
229.111	-1447.85
229.244	-668.85
229.377	-2027.85
229.511	-462.85
229.644	-1658.85
229.778	-1280.85
229.911	-1399.85
230.044	-836.85
230.178	-170.85
230.311	-1878.85
230.445	545.15
230.578	-1842.85
230.711	-1375.85
230.845	2247.15
230.978	457.15
231.112	-1822.85
231.245	-2330.85
231.378	-1764.85
231.512	479.15
231.645	-3024.85
231.779	-2366.85
231.912	-216.85
232.045	431.15
232.179	-1221.85
232.312	-1035.85
232.445	796.15
232.579	1833.15
232.712	1174.15
232.845	-1795.85
232.979	-2717.85
233.112	279.15
233.245	-1016.85
233.379	-2370.85
233.512	-376.85
233.645	-2057.85
233.779	-1860.85
233.912	-44.85
234.045	-1244.85
234.179	390.15
234.312	-1324.85
234.445	-112.85
234.578	-612.85
234.712	39.15
234.845	331.15
234.978	-1354.85
235.112	-953.85
235.245	1042.15
235.378	-1907.85
235.511	-35.85
235.645	71.15
235.778	70.15
235.911	-1344.85
236.044	-2404.85
236.178	1636.15
236.311	-1764.85
236.444	-2138.85
236.577	-2016.85
236.711	-1227.85
236.844	-2641.85
236.977	-1307.85
237.11	-1365.85
237.243	-505.85
237.377	-2051.85
237.51	-1814.85
237.643	6748.15
237.776	-1612.85
237.909	-950.85
238.043	-319.85
238.176	-2041.85
238.309	-452.85
238.442	-2244.85
238.575	-790.85
238.709	2526.15
238.842	-334.85
238.975	-86.85
239.108	1175.15
239.241	-2295.85
239.374	-2312.85
239.508	-1578.85
239.641	1280.15
239.774	2731.15
239.907	-719.85
240.04	-1963.85
240.173	-92.85
240.306	2129.15
240.44	-1880.85
240.573	1079.15
240.706	-1205.85
240.839	-327.85
240.972	-437.85
241.105	-283.85
241.238	486.15
241.371	-593.85
241.504	-886.85
241.638	-819.85
241.771	-661.85
241.904	-1316.85
242.037	243.15
242.17	-1459.85
242.303	-2307.85
242.436	-774.85
242.569	-1058.85
242.702	-1543.85
242.835	-1282.85
242.968	-173.85
243.101	-1291.85
243.234	-1357.85
243.367	-2081.85
243.5	-869.85
243.634	-1424.85
243.767	-2126.85
243.9	-1728.85
244.033	-2147.85
244.166	493.15
244.299	-2253.85
244.432	-1728.85
244.565	-426.85
244.698	-2502.85
244.831	-1365.85
244.964	-2204.85
245.097	-1723.85
245.23	-485.85
245.363	1519.15
245.496	-2150.85
245.629	-1129.85
245.762	3243.15
245.895	-1862.85
246.028	-1433.85
246.161	2522.15
246.294	-192.85
246.427	-1756.85
246.559	342.15
246.692	-715.85
246.825	-1284.85
246.958	-1461.85
247.091	-2468.85
247.224	-2383.85
247.357	-1821.85
247.49	1071.15
247.623	-1713.85
247.756	-1826.85
247.889	2356.15
248.022	-756.85
248.155	-1967.85
248.288	-980.85
248.421	-1785.85
248.553	702.15
248.686	-1760.85
248.819	825.15
248.952	-1904.85
249.085	1596.15
249.218	-289.85
249.351	-461.85
249.484	1219.15
249.617	1053.15
249.749	-166.85
249.882	-244.85
250.015	-137.85
250.148	241.15
250.281	-610.85
250.414	-406.85
250.547	-669.85
250.679	1222.15
250.812	-923.85
250.945	-316.85
251.078	-1974.85
251.211	-1174.85
251.344	-2094.85
251.476	-1580.85
251.609	-953.85
251.742	-2061.85
251.875	-581.85
252.008	-1597.85
252.14	-2629.85
252.273	-856.85
252.406	1336.15
252.539	-164.85
252.672	-1071.85
252.804	959.15
252.937	-2084.85
253.07	-170.85
253.203	-1446.85
253.335	457.15
253.468	-2873.85
253.601	-1183.85
253.734	-861.85
253.866	-1512.85
253.999	2926.15
254.132	-159.85
254.265	-1116.85
254.397	-1612.85
254.53	-930.85
254.663	-839.85
254.796	-1658.85
254.928	-2085.85
255.061	-1636.85
255.194	-643.85
255.327	-2484.85
255.459	-116.85
255.592	-2463.85
255.725	469.15
255.857	-1791.85
255.99	-483.85
256.123	-2067.85
256.255	-1997.85
256.388	-769.85
256.521	-1775.85
256.653	-2459.85
256.786	-2227.85
256.919	-1313.85
257.051	-2180.85
257.184	-298.85
257.317	-1792.85
257.449	-2100.85
257.582	-848.85
257.715	-1740.85
257.847	-2056.85
257.98	-819.85
258.113	-1505.85
258.245	-1251.85
258.378	-2822.85
258.51	-2385.85
258.643	-1593.85
258.776	217.15
258.908	-2050.85
259.041	-643.85
259.174	-1664.85
259.306	-1777.85
259.439	-2309.85
259.571	-1799.85
259.704	-1339.85
259.837	720.15
259.969	-1561.85
260.102	-1631.85
260.234	1533.15
260.367	151.15
260.499	-1574.85
260.632	-1242.85
260.765	-1714.85
260.897	-1489.85
261.03	-2037.85
261.162	-618.85
261.295	-460.85
261.427	13.15
261.56	-586.85
261.692	-2128.85
261.825	-361.85
261.957	181.15
262.09	525.15
262.222	145.15
262.355	-2029.85
262.487	-981.85
262.62	-1869.85
262.752	-1338.85
262.885	-1033.85
263.017	-38.85
263.15	-1337.85
263.282	-858.85
263.415	-1810.85
263.547	-719.85
263.68	853.15
263.812	-2463.85
263.945	-753.85
264.077	-2131.85
264.21	1172.15
264.342	-2430.85
264.475	-1781.85
264.607	732.15
264.74	-3231.85
264.872	-450.85
265.004	1100.15
265.137	666.15
265.269	2581.15
265.402	-2087.85
265.534	-1450.85
265.667	-1678.85
265.799	910.15
265.931	-869.85
266.064	55.15
266.196	-1867.85
266.329	-1264.85
266.461	-1529.85
266.593	232.15
266.726	-2674.85
266.858	-1485.85
266.99	-1145.85
267.123	-1423.85
267.255	-289.85
267.388	-1182.85
267.52	-1912.85
267.652	-1565.85
267.785	850.15
267.917	-358.85
268.049	-1269.85
268.182	2325.15
268.314	461.15
268.446	-2612.85
268.579	-2074.85
268.711	1374.15
268.843	-1777.85
268.976	-626.85
269.108	2663.15
269.24	1116.15
269.373	-428.85
269.505	-1058.85
269.637	-1311.85
269.77	-1554.85
269.902	1145.15
270.034	-2064.85
270.167	301.15
270.299	-335.85
270.431	-239.85
270.563	-1757.85
270.696	-175.85
270.828	-1220.85
270.96	-885.85
271.092	-351.85
271.225	-2066.85
271.357	-849.85
271.489	-1795.85
271.621	-2020.85
271.754	3229.15
271.886	-2049.85
272.018	-1814.85
272.15	1812.15
272.283	-2396.85
272.415	-1371.85
272.547	72.15
272.679	529.15
272.811	-903.85
272.944	-957.85
273.076	-2728.85
273.208	-548.85
273.34	-807.85
273.473	-1262.85
273.605	303.15
273.737	-2436.85
273.869	-972.85
274.001	-2960.85
274.133	-941.85
274.266	-1741.85
274.398	9264.15
274.53	42.15
274.662	710.15
274.794	141.15
274.926	-87.85
275.059	-1624.85
275.191	-142.85
275.323	-2259.85
275.455	280.15
275.587	-1689.85
275.719	-1193.85
275.851	-1164.85
275.983	63.15
276.116	-132.85
276.248	510.15
276.38	-2034.85
276.512	-439.85
276.644	-953.85
276.776	-2293.85
276.908	-540.85
277.04	-1472.85
277.172	229.15
277.304	-1639.85
277.437	-280.85
277.569	-1979.85
277.701	-1992.85
277.833	-1084.85
277.965	-1234.85
278.097	-257.85
278.229	-1496.85
278.361	-1586.85
278.493	368.15
278.625	884.15
278.757	177.15
278.889	-1903.85
279.021	-1759.85
279.153	4231.15
279.285	-1993.85
279.417	4378.15
279.549	427.15
279.681	-1231.85
279.813	-1830.85
279.945	129.15
280.077	-1673.85
280.209	6926.15
280.341	-2243.85
280.473	-1305.85
280.605	675.15
280.737	-675.85
280.869	1723.15
281.001	-669.85
281.133	-2602.85
281.265	-965.85
281.397	-1058.85
281.529	1332.15
281.661	-2017.85
281.793	-2870.85
281.925	-1704.85
282.057	-1178.85
282.189	-1162.85
282.321	-629.85
282.453	32.15
282.585	-2090.85
282.717	1002.15
282.849	-773.85
282.98	-1234.85
283.112	-1656.85
283.244	-792.85
283.376	-2167.85
283.508	-2664.85
283.64	-2008.85
283.772	484.15
283.904	577.15
284.036	-2292.85
284.168	1026.15
284.299	-300.85
284.431	-632.85
284.563	-1147.85
284.695	-1139.85
284.827	-2059.85
284.959	-20.85
285.091	-1732.85
285.222	-2167.85
285.354	-1743.85
285.486	-952.85
285.618	-2388.85
285.75	-1097.85
285.882	823.15
286.013	344.15
286.145	-646.85
286.277	-267.85
286.409	115.15
286.541	134.15
286.673	-1549.85
286.804	-1780.85
286.936	-251.85
287.068	-2025.85
287.2	-1772.85
287.332	1386.15
287.463	-2617.85
287.595	-671.85
287.727	2985.15
287.859	-1040.85
287.99	-1325.85
288.122	-1881.85
288.254	-222.85
288.386	-1676.85
288.517	-2195.85
288.649	-1479.85
288.781	-712.85
288.913	-484.85
289.044	-2679.85
289.176	1219.15
289.308	-1417.85
289.44	-2614.85
289.571	-1644.85
289.703	-1953.85
289.835	332.15
289.967	-1997.85
290.098	-2161.85
290.23	-2524.85
290.362	901.15
290.493	-2594.85
290.625	-1401.85
290.757	-1976.85
290.888	-1454.85
291.02	-429.85
291.152	-874.85
291.283	-560.85
291.415	-1130.85
291.547	-2392.85
291.678	-2098.85
291.81	-591.85
291.942	1634.15
292.073	-332.85
292.205	-2121.85
292.337	-727.85
292.468	3880.15
292.6	-1633.85
292.732	3463.15
292.863	-1754.85
292.995	-2568.85
293.126	257.15
293.258	370.15
293.39	-2401.85
293.521	-2326.85
293.653	-2562.85
293.785	269.15
293.916	-2008.85
294.048	434.15
294.179	-132.85
294.311	-2133.85
294.442	313.15
294.574	-2329.85
294.706	-857.85
294.837	792.15
294.969	-714.85
295.1	-1412.85
295.232	-2169.85
295.363	1241.15
295.495	-2120.85
295.627	74.15
295.758	1085.15
295.89	-2830.85
296.021	10.15
296.153	392.15
296.284	-772.85
296.416	-1223.85
296.547	-1493.85
296.679	-432.85
296.81	-740.85
296.942	-2745.85
297.073	-2346.85
297.205	-2117.85
297.336	-1198.85
297.468	-2037.85
297.599	-971.85
297.731	-2467.85
297.862	-1012.85
297.994	-2733.85
298.125	-2097.85
298.257	-1056.85
298.388	-112.85
298.52	-546.85
298.651	-991.85
298.782	1854.15
298.914	-1493.85
299.045	-1322.85
299.177	-2808.85
299.308	-2617.85
299.44	-578.85
299.571	-843.85
299.702	-1289.85
299.834	-495.85
299.965	-1268.85
300.097	-1895.85
300.228	-1001.85
300.36	-507.85
300.491	-778.85
300.622	-363.85
300.754	-1120.85
300.885	-1675.85
301.017	-881.85
301.148	-1694.85
301.279	-2729.85
301.411	425.15
301.542	-562.85
301.673	-598.85
301.805	182.15
301.936	-1746.85
302.067	-1359.85
302.199	-1522.85
302.33	-2265.85
302.461	2502.15
302.593	-394.85
302.724	-85.85
302.855	-2392.85
302.987	-856.85
303.118	-2450.85
303.249	-2936.85
303.381	-1157.85
303.512	-1489.85
303.643	-1552.85
303.775	598.15
303.906	-2114.85
304.037	-1819.85
304.169	-1833.85
304.3	-1411.85
304.431	-2490.85
304.562	-1592.85
304.694	-1108.85
304.825	-509.85
304.956	596.15
305.087	-1541.85
305.219	93.15
305.35	-680.85
305.481	-1582.85
305.612	9.15
305.744	-56.85
305.875	-1526.85
306.006	3163.15
306.137	-1580.85
306.269	-463.85
306.4	-513.85
306.531	426.15
306.662	-1158.85
306.794	597.15
306.925	-1349.85
307.056	-2231.85
307.187	-147.85
307.318	-1108.85
307.45	-1390.85
307.581	-2483.85
307.712	-1915.85
307.843	-853.85
307.974	-663.85
308.105	510.15
308.237	-1088.85
308.368	-2341.85
308.499	-1603.85
308.63	-148.85
308.761	-981.85
308.892	-957.85
309.024	-1660.85
309.155	-1777.85
309.286	-1422.85
309.417	-2134.85
309.548	-1349.85
309.679	-1301.85
309.81	-2934.85
309.941	2887.15
310.073	-197.85
310.204	-3063.85
310.335	-53.85
310.466	-1439.85
310.597	-2639.85
310.728	-1434.85
310.859	2199.15
310.99	2300.15
311.121	-1030.85
311.252	-1117.85
311.383	-1792.85
311.514	-79.85
311.646	-1409.85
311.777	-405.85
311.908	-931.85
312.039	-1321.85
312.17	-2854.85
312.301	-1634.85
312.432	-1840.85
312.563	-2736.85
312.694	-1584.85
312.825	-1204.85
312.956	-1575.85
313.087	67.15
313.218	10.15
313.349	-1352.85
313.48	-2709.85
313.611	-1065.85
313.742	-707.85
313.873	130.15
314.004	-261.85
314.135	-1551.85
314.266	-973.85
314.397	-1718.85
314.528	-2091.85
314.659	-2301.85
314.79	-2208.85
314.921	89.15
315.052	312.15
315.183	-1945.85
315.314	-2560.85
315.445	-380.85
315.576	-417.85
315.707	-1234.85
315.838	-1324.85
315.968	-901.85
316.099	-2441.85
316.23	-2695.85
316.361	299.15
316.492	-1573.85
316.623	684.15
316.754	850.15
316.885	-2897.85
317.016	-2877.85
317.147	-2680.85
317.278	-6.85
317.408	-2001.85
317.539	-2422.85
317.67	-2104.85
317.801	-642.85
317.932	-1622.85
318.063	-1914.85
318.194	-1013.85
318.325	-700.85
318.455	-3155.85
318.586	-1800.85
318.717	-189.85
318.848	-2402.85
318.979	-524.85
319.11	1634.15
319.24	233.15
319.371	498.15
319.502	-835.85
319.633	-1991.85
319.764	-606.85
319.895	-1982.85
320.025	-737.85
320.156	-2749.85
320.287	-3067.85
320.418	-1826.85
320.549	-786.85
320.679	-2910.85
320.81	541.15
320.941	-2568.85
321.072	-2543.85
321.202	-110.85
321.333	1461.15
321.464	-2994.85
321.595	-1866.85
321.726	637.15
321.856	-2628.85
321.987	-1410.85
322.118	-1851.85
322.249	50.15
322.379	-192.85
322.51	-504.85
322.641	-1099.85
322.771	-2763.85
322.902	-827.85
323.033	-789.85
323.164	5757.15
323.294	-1577.85
323.425	-1599.85
323.556	-2020.85
323.686	-1209.85
323.817	1812.15
323.948	-284.85
324.078	-1524.85
324.209	1114.15
324.34	-1803.85
324.47	1461.15
324.601	-1546.85
324.732	-1139.85
324.862	-42.85
324.993	-1899.85
325.124	-3464.85
325.254	-1017.85
325.385	-668.85
325.516	4029.15
325.646	1792.15
325.777	-1615.85
325.908	-1721.85
326.038	310.15
326.169	-1647.85
326.299	-580.85
326.43	659.15
326.561	-962.85
326.691	-955.85
326.822	-2387.85
326.952	-2146.85
327.083	-1099.85
327.214	-2242.85
327.344	-942.85
327.475	-296.85
327.605	-396.85
327.736	-1852.85
327.867	-2422.85
327.997	-1536.85
328.128	-570.85
328.258	-2454.85
328.389	1501.15
328.519	-2683.85
328.65	122.15
328.78	-1882.85
328.911	-538.85
329.041	288.15
329.172	-2495.85
329.303	-1777.85
329.433	-1178.85
329.564	-2361.85
329.694	-2289.85
329.825	-1845.85
329.955	-393.85
330.086	2753.15
330.216	-786.85
330.347	-2177.85
330.477	-1112.85
330.608	-1368.85
330.738	-911.85
330.868	-2325.85
330.999	-1460.85
331.129	490.15
331.26	-1562.85
331.39	-1778.85
331.521	242.15
331.651	-365.85
331.782	-2638.85
331.912	-2506.85
332.043	-2220.85
332.173	-7.85
332.303	-2483.85
332.434	666.15
332.564	-426.85
332.695	-1986.85
332.825	-2637.85
332.956	-2109.85
333.086	-1209.85
333.216	-2190.85
333.347	-177.85
333.477	-3115.85
333.608	-797.85
333.738	-385.85
333.868	-983.85
333.999	-817.85
334.129	541.15
334.259	-958.85
334.39	-1711.85
334.52	556.15
334.65	-1576.85
334.781	575.15
334.911	-1494.85
335.042	-2244.85
335.172	-284.85
335.302	-1193.85
335.433	2020.15
335.563	-2093.85
335.693	-674.85
335.824	1121.15
335.954	-2607.85
336.084	-485.85
336.214	-841.85
336.345	2129.15
336.475	824.15
336.605	-2341.85
336.736	2155.15
336.866	-1467.85
336.996	-1331.85
337.126	-2340.85
337.257	-1012.85
337.387	-2874.85
337.517	-1613.85
337.648	-2629.85
337.778	867.15
337.908	-628.85
338.038	536.15
338.169	-1294.85
338.299	1425.15
338.429	-907.85
338.559	-1760.85
338.69	-1360.85
338.82	2803.15
338.95	-636.85
339.08	-3127.85
339.21	-2588.85
339.341	-884.85
339.471	-112.85
339.601	-707.85
339.731	-658.85
339.861	-1521.85
339.992	-1459.85
340.122	-985.85
340.252	-1677.85
340.382	-1420.85
340.512	-992.85
340.642	1181.15
340.773	-1074.85
340.903	-2322.85
341.033	-1131.85
341.163	-108.85
341.293	387.15
341.423	-1881.85
341.554	-2560.85
341.684	-487.85
341.814	-1054.85
341.944	-1389.85
342.074	-908.85
342.204	-1544.85
342.334	1484.15
342.464	-2505.85
342.595	-1312.85
342.725	-2321.85
342.855	-465.85
342.985	-1617.85
343.115	-2195.85
343.245	-2736.85
343.375	-161.85
343.505	-1477.85
343.635	-92.85
343.765	-1934.85
343.895	-2861.85
344.025	-9.85
344.155	-2803.85
344.286	-1477.85
344.416	-932.85
344.546	891.15
344.676	-954.85
344.806	632.15
344.936	-491.85
345.066	1416.15
345.196	-2607.85
345.326	-2158.85
345.456	734.15
345.586	-1754.85
345.716	-2258.85
345.846	373.15
345.976	-2827.85
346.106	-1209.85
346.236	-758.85
346.366	312.15
346.496	-899.85
346.626	-1246.85
346.756	-1881.85
346.886	-1687.85
347.016	-2610.85
347.146	-1739.85
347.276	-2407.85
347.406	-1460.85
347.536	-379.85
347.666	-8.85
347.795	-2262.85
347.925	-1318.85
348.055	377.15
348.185	-1621.85
348.315	-2146.85
348.445	645.15
348.575	-1569.85
348.705	-2294.85
348.835	-2343.85
348.965	-1140.85
349.095	110.15
349.225	1875.15
349.354	-2157.85
349.484	-1319.85
349.614	-1271.85
349.744	-2168.85
349.874	-2404.85
350.004	-2844.85
350.134	-2468.85
350.264	-2552.85
350.393	-2754.85
350.523	879.15
350.653	-2649.85
350.783	178.15
350.913	883.15
351.043	-1519.85
351.173	-1551.85
351.302	-597.85
351.432	1177.15
351.562	-559.85
351.692	-861.85
351.822	-1337.85
351.951	-2963.85
352.081	1403.15
352.211	-821.85
352.341	1323.15
352.471	902.15
352.6	-1083.85
352.73	-1974.85
352.86	-1302.85
352.99	-494.85
353.12	-714.85
353.249	-469.85
353.379	-2219.85
353.509	445.15
353.639	-2175.85
353.768	-894.85
353.898	-1792.85
354.028	-2486.85
354.158	-1604.85
354.287	-1636.85
354.417	-2311.85
354.547	-2108.85
354.677	-2616.85
354.806	-1515.85
354.936	-289.85
355.066	-2085.85
355.195	-381.85
355.325	-534.85
355.455	-2055.85
355.584	1178.15
355.714	-1696.85
355.844	875.15
355.974	-162.85
356.103	-1430.85
356.233	-1145.85
356.363	8.15
356.492	-2246.85
356.622	-2475.85
356.752	-807.85
356.881	-3021.85
357.011	221.15
357.14	809.15
357.27	-970.85
357.4	257.15
357.529	-1758.85
357.659	733.15
357.789	-7.85
357.918	-2383.85
358.048	-2524.85
358.177	-1563.85
358.307	-1897.85
358.437	-799.85
358.566	-1792.85
358.696	358.15
358.825	826.15
358.955	-2570.85
359.085	-374.85
359.214	-3226.85
359.344	-724.85
359.473	-2058.85
359.603	-1666.85
359.733	-1842.85
359.862	-2491.85
359.992	288.15
360.121	-1627.85
360.251	-277.85
360.38	-2531.85
360.51	269.15
360.639	-1385.85
360.769	-864.85
360.898	819.15
361.028	535.15
361.157	-1064.85
361.287	-802.85
361.416	-1728.85
361.546	-1387.85
361.675	-1287.85
361.805	-1748.85
361.934	207.15
362.064	-1233.85
362.193	-1736.85
362.323	-2261.85
362.452	762.15
362.582	-2291.85
362.711	-1052.85
362.841	314.15
362.97	-74.85
363.1	-2118.85
363.229	-2447.85
363.359	-1455.85
363.488	-1527.85
363.617	-929.85
363.747	-928.85
363.876	-3177.85
364.006	-60.85
364.135	-914.85
364.265	-1718.85
364.394	-1348.85
364.523	1844.15
364.653	-2032.85
364.782	-539.85
364.912	-2282.85
365.041	-1938.85
365.17	-2295.85
365.3	-377.85
365.429	893.15
365.558	-1274.85
365.688	-2185.85
365.817	-2818.85
365.947	-773.85
366.076	-764.85
366.205	-637.85
366.335	-2759.85
366.464	-2532.85
366.593	746.15
366.723	-1199.85
366.852	-1606.85
366.981	-723.85
367.111	-2446.85
367.24	-1333.85
367.369	-1332.85
367.499	3831.15
367.628	892.15
367.757	-1423.85
367.886	-251.85
368.016	195.15
368.145	-1079.85
368.274	-617.85
368.404	-2254.85
368.533	-1101.85
368.662	-505.85
368.791	-1610.85
368.921	-3097.85
369.05	664.15
369.179	-743.85
369.308	2243.15
369.438	-2910.85
369.567	-3085.85
369.696	-950.85
369.825	-269.85
369.955	-1862.85
370.084	-518.85
370.213	-791.85
370.342	-2430.85
370.472	-2440.85
370.601	3180.15
370.73	219.15
370.859	-3225.85
370.988	-1592.85
371.118	-2536.85
371.247	49.15
371.376	858.15
371.505	-744.85
371.634	-776.85
371.763	-772.85
371.893	-2374.85
372.022	-1370.85
372.151	-2272.85
372.28	-2668.85
372.409	-3272.85
372.538	-1561.85
372.667	-856.85
372.797	738.15
372.926	-2841.85
373.055	-775.85
373.184	-1389.85
373.313	-2133.85
373.442	-697.85
373.571	-2040.85
373.7	-1269.85
373.83	-527.85
373.959	-3323.85
374.088	-1498.85
374.217	224.15
374.346	-1322.85
374.475	-3145.85
374.604	-1978.85
374.733	867.15
374.862	-701.85
374.991	-2164.85
375.12	-519.85
375.249	-849.85
375.378	-1976.85
375.508	-2206.85
375.637	-2384.85
375.766	-68.85
375.895	-1465.85
376.024	642.15
376.153	-1965.85
376.282	-1351.85
376.411	-1855.85
376.54	-3183.85
376.669	-652.85
376.798	-1566.85
376.927	-2470.85
377.056	712.15
377.185	-1050.85
377.314	111.15
377.443	2149.15
377.572	-2335.85
377.701	-2005.85
377.83	590.15
377.959	-329.85
378.088	9496.15
378.217	346.15
378.346	-1638.85
378.474	-2576.85
378.603	-2378.85
378.732	-356.85
378.861	-1791.85
378.99	-1752.85
379.119	-2968.85
379.248	-1047.85
379.377	-1141.85
379.506	-1183.85
379.635	342.15
379.764	-1287.85
379.893	-2632.85
380.022	-2652.85
380.15	-1174.85
380.279	-3049.85
380.408	-2207.85
380.537	-1104.85
380.666	-331.85
380.795	-853.85
380.924	-1425.85
381.053	-1721.85
381.181	-890.85
381.31	5467.15
381.439	-2536.85
381.568	-1143.85
381.697	-1369.85
381.826	-1092.85
381.955	-2461.85
382.083	-967.85
382.212	-2455.85
382.341	-528.85
382.47	-2222.85
382.599	-760.85
382.727	1982.15
382.856	-626.85
382.985	-661.85
383.114	-1620.85
383.243	-2123.85
383.371	-1048.85
383.5	-2227.85
383.629	-2176.85
383.758	-1970.85
383.887	-3194.85
384.015	-865.85
384.144	-2073.85
384.273	-1136.85
384.402	-638.85
384.53	-2034.85
384.659	-2034.85
384.788	-2192.85
384.917	-1998.85
385.045	-1185.85
385.174	-1085.85
385.303	-3122.85
385.432	540.15
385.56	-1339.85
385.689	-1181.85
385.818	-879.85
385.946	-634.85
386.075	-2186.85
386.204	-2219.85
386.332	-1140.85
386.461	-172.85
386.59	-79.85
386.718	-2428.85
386.847	-2523.85
386.976	-1731.85
387.104	-3096.85
387.233	-2449.85
387.362	-840.85
387.49	-744.85
387.619	-2411.85
387.748	-1114.85
387.876	860.15
388.005	-942.85
388.134	-63.85
388.262	-2211.85
388.391	-2046.85
388.52	-381.85
388.648	-2603.85
388.777	485.15
388.905	-1792.85
389.034	-1674.85
389.163	-2248.85
389.291	-1015.85
389.42	-35.85
389.548	476.15
389.677	-1010.85
389.805	-845.85
389.934	18.15
390.063	-2515.85
390.191	-2973.85
390.32	-2016.85
390.448	-1089.85
390.577	-2393.85
390.705	-2726.85
390.834	-1141.85
390.962	-2572.85
391.091	-2412.85
391.22	-68.85
391.348	834.15
391.477	-331.85
391.605	-2897.85
391.734	-2272.85
391.862	-1769.85
391.991	-2618.85
392.119	-2486.85
392.248	-1526.85
392.376	-509.85
392.505	-1204.85
392.633	-2154.85
392.762	1582.15
392.89	-2192.85
393.018	263.15
393.147	-2048.85
393.275	-2974.85
393.404	-2105.85
393.532	-1920.85
393.661	-1229.85
393.789	-721.85
393.918	-662.85
394.046	-1136.85
394.174	-1131.85
394.303	-2882.85
394.431	-1803.85
394.56	-116.85
394.688	-3091.85
394.817	-3401.85
394.945	875.15
395.073	244.15
395.202	-604.85
395.33	-1681.85
395.459	-991.85
395.587	271.15
395.715	282.15
395.844	-1497.85
395.972	-3010.85
396.1	627.15
396.229	-2218.85
396.357	-707.85
396.485	-1562.85
396.614	-2092.85
396.742	264.15
396.87	-1386.85
396.999	-388.85
397.127	-2538.85
397.255	-1046.85
397.384	-578.85
397.512	-2898.85
397.64	-2181.85
397.769	-1471.85
397.897	-681.85
398.025	-936.85
398.154	-747.85
398.282	776.15
398.41	-915.85
398.538	-813.85
398.667	-2171.85
398.795	-1875.85
398.923	-163.85
399.052	-1422.85
399.18	-250.85
399.308	-1208.85
399.436	938.15
399.565	-2374.85
399.693	-803.85
399.821	-1321.85
399.949	-1857.85
400.078	2605.15
400.206	-2495.85
400.334	-2609.85
400.462	-1785.85
400.59	-2563.85
400.719	-1769.85
400.847	-1993.85
400.975	-647.85
401.103	-2036.85
401.231	-1190.85
401.36	-1066.85
401.488	-35.85
401.616	-1378.85
401.744	-1473.85
401.872	-2155.85
402	-649.85
402.129	-1827.85
402.257	-2092.85
402.385	-1582.85
402.513	-1382.85
402.641	-1357.85
402.769	-1480.85
402.897	-1934.85
403.026	-3217.85
403.154	-2917.85
403.282	-2440.85
403.41	-1525.85
403.538	1103.15
403.666	-2668.85
403.794	-1452.85
403.922	-1178.85
404.05	-807.85
404.179	-1385.85
404.307	-1133.85
404.435	-2222.85
404.563	-2495.85
404.691	-2796.85
404.819	3293.15
404.947	-2312.85
405.075	-2390.85
405.203	-2580.85
405.331	-2475.85
405.459	-2810.85
405.587	-798.85
405.715	-2031.85
405.843	-1962.85
405.971	-982.85
406.099	447.15
406.227	-335.85
406.355	-1659.85
406.483	-2952.85
406.611	-891.85
406.739	-2305.85
406.867	-2669.85
406.995	-1742.85
407.123	-1530.85
407.251	-3037.85
407.379	-2520.85
407.507	-835.85
407.635	-1638.85
407.763	-3236.85
407.891	-2095.85
408.019	44.15
408.147	-185.85
408.275	1254.15
408.403	-2751.85
408.531	-2828.85
408.659	1018.15
408.787	-997.85
408.915	-1785.85
409.043	-1871.85
409.171	191.15
409.299	-38.85
409.427	631.15
409.554	-3023.85
409.682	1849.15
409.81	-857.85
409.938	-2142.85
410.066	426.15
410.194	-810.85
410.322	-2406.85
410.45	-1594.85
410.578	-3041.85
410.705	-2666.85
410.833	-956.85
410.961	500.15
411.089	2109.15
411.217	-1090.85
411.345	-1458.85
411.473	-2494.85
411.6	-1095.85
411.728	-1707.85
411.856	-2527.85
411.984	-2482.85
412.112	-675.85
412.239	-1057.85
412.367	-1682.85
412.495	639.15
412.623	-2106.85
412.751	-170.85
412.878	-2571.85
413.006	-1333.85
413.134	243.15
413.262	268.15
413.39	-354.85
413.517	-772.85
413.645	56.15
413.773	-2752.85
413.901	1491.15
414.028	-1357.85
414.156	-1086.85
414.284	-2164.85
414.412	170.15
414.539	-2058.85
414.667	-2071.85
414.795	-2424.85
414.923	-2948.85
415.05	-1940.85
415.178	-470.85
415.306	2406.15
415.433	-2009.85
415.561	155.15
415.689	6.15
415.816	-2132.85
415.944	1350.15
416.072	-2586.85
416.2	-113.85
416.327	1580.15
416.455	-2221.85
416.583	-1837.85
416.71	-1985.85
416.838	349.15
416.966	-2571.85
417.093	-1568.85
417.221	274.15
417.348	-897.85
417.476	-2696.85
417.604	-1592.85
417.731	-1280.85
417.859	-60.85
417.987	-816.85
418.114	-2285.85
418.242	567.15
418.369	-1850.85
418.497	-2821.85
418.625	242.15
418.752	-1071.85
418.88	-2725.85
419.007	723.15
419.135	-1335.85
419.263	-2182.85
419.39	-860.85
419.518	-679.85
419.645	-2131.85
419.773	-1573.85
419.9	-2081.85
420.028	3880.15
420.155	-2507.85
420.283	470.15
420.41	-727.85
420.538	-1097.85
420.666	-1923.85
420.793	-1402.85
420.921	-1923.85
421.048	-401.85
421.176	173.15
421.303	-1344.85
421.431	-2478.85
421.558	-2981.85
421.686	245.15
421.813	-489.85
421.941	-2112.85
422.068	-1048.85
422.195	189.15
422.323	-239.85
422.45	-3211.85
422.578	-1090.85
422.705	-2330.85
422.833	-1267.85
422.96	-2598.85
423.088	-294.85
423.215	2077.15
423.343	2039.15
423.47	-784.85
423.597	1281.15
423.725	-1379.85
423.852	-1389.85
423.98	-853.85
424.107	-2760.85
424.234	-1406.85
424.362	-2103.85
424.489	-1940.85
424.617	4191.15
424.744	-569.85
424.871	-2569.85
424.999	-1768.85
425.126	390.15
425.253	-831.85
425.381	-2136.85
425.508	-2789.85
425.636	340.15
425.763	-1569.85
425.89	-1901.85
426.018	-2712.85
426.145	-1568.85
426.272	-1026.85
426.4	-200.85
426.527	407.15
426.654	-2177.85
426.781	-497.85
426.909	-760.85
427.036	-1009.85
427.163	-2923.85
427.291	-2454.85
427.418	-1535.85
427.545	-1332.85
427.673	-2699.85
427.8	-3158.85
427.927	-2332.85
428.054	-692.85
428.182	-1787.85
428.309	-1587.85
428.436	-1932.85
428.563	-2767.85
428.691	-365.85
428.818	-1697.85
428.945	-273.85
429.072	-2843.85
429.2	-115.85
429.327	-939.85
429.454	363.15
429.581	-1452.85
429.708	-2924.85
429.836	-2358.85
429.963	-1867.85
430.09	-1943.85
430.217	-1894.85
430.344	-2606.85
430.472	-1904.85
430.599	-1008.85
430.726	-1681.85
430.853	-1495.85
430.98	-273.85
431.107	-2694.85
431.235	-886.85
431.362	-860.85
431.489	-1609.85
431.616	1508.15
431.743	688.15
431.87	-3197.85
431.997	-1496.85
432.125	-1513.85
432.252	-3427.85
432.379	-1655.85
432.506	-1098.85
432.633	-2574.85
432.76	-991.85
432.887	700.15
433.014	-1419.85
433.141	-2454.85
433.268	366.15
433.395	-2046.85
433.523	-1936.85
433.65	-1470.85
433.777	-1267.85
433.904	-1633.85
434.031	-2889.85
434.158	-1085.85
434.285	205.15
434.412	-3295.85
434.539	-1431.85
434.666	-2600.85
434.793	-2465.85
434.92	-2722.85
435.047	-395.85
435.174	-1454.85
435.301	-4.85
435.428	1487.15
435.555	1355.15
435.682	-540.85
435.809	-2718.85
435.936	761.15
436.063	-2249.85
436.19	1346.15
436.317	-1961.85
436.444	160.15
436.571	-2498.85
436.698	-614.85
436.825	232.15
436.952	-584.85
437.079	-784.85
437.206	-126.85
437.333	-2342.85
437.46	-1721.85
437.587	-1256.85
437.714	-2615.85
437.84	-1269.85
437.967	-2797.85
438.094	-2947.85
438.221	299.15
438.348	-1079.85
438.475	9811.15
438.602	-2383.85
438.729	9920.15
438.856	-1875.85
438.983	9920.15
439.109	-476.85
439.236	3566.15
439.363	-3433.85
439.49	-1775.85
439.617	-1156.85
439.744	-1904.85
439.871	2650.15
439.997	-2099.85
440.124	-1650.85
440.251	-416.85
440.378	-1941.85
440.505	-1925.85
440.632	457.15
440.758	695.15
440.885	1487.15
441.012	-2164.85
441.139	-61.85
441.266	-2597.85
441.392	-1206.85
441.519	-2485.85
441.646	-2962.85
441.773	-692.85
441.9	1243.15
442.026	-1454.85
442.153	-841.85
442.28	-428.85
442.407	-2620.85
442.533	110.15
442.66	-1092.85
442.787	-1321.85
442.914	-2305.85
443.04	-1972.85
443.167	-1480.85
443.294	-1240.85
443.421	-462.85
443.547	-2348.85
443.674	-1488.85
443.801	-649.85
443.927	131.15
444.054	1731.15
444.181	-82.85
444.307	582.15
444.434	-299.85
444.561	-2400.85
444.688	-2889.85
444.814	-225.85
444.941	-1225.85
445.068	-2439.85
445.194	1610.15
445.321	-2344.85
445.447	1732.15
445.574	-3170.85
445.701	-3267.85
445.827	-1728.85
445.954	-3056.85
446.081	166.15
446.207	-2519.85
446.334	-1480.85
446.461	-1446.85
446.587	-2987.85
446.714	-76.85
446.84	-233.85
446.967	-1610.85
447.094	-1529.85
447.22	-127.85
447.347	-1389.85
447.473	-1596.85
447.6	-706.85
447.726	-3249.85
447.853	-1358.85
447.98	-923.85
448.106	-530.85
448.233	-1408.85
448.359	-2088.85
448.486	-449.85
448.612	-1683.85
448.739	-885.85
448.865	284.15
448.992	737.15
449.118	-1447.85
449.245	-2715.85
449.371	-2840.85
449.498	-648.85
449.624	-68.85
449.751	-1019.85
449.877	-2245.85
450.004	-849.85
450.13	-695.85
450.257	-2429.85
450.383	-1696.85
450.51	-2599.85
450.636	-1954.85
450.763	-1267.85
450.889	-2090.85
451.016	-2854.85
451.142	-557.85
451.269	-2275.85
451.395	1445.15
451.521	-927.85
451.648	-1881.85
451.774	-1392.85
451.901	-3127.85
452.027	-794.85
452.154	698.15
452.28	-1972.85
452.406	-2418.85
452.533	-2105.85
452.659	-2468.85
452.785	-1547.85
452.912	-2844.85
453.038	-2357.85
453.165	-31.85
453.291	614.15
453.417	672.15
453.544	-2023.85
453.67	-1656.85
453.796	1090.15
453.923	-2449.85
454.049	-1783.85
454.175	-1979.85
454.302	-2125.85
454.428	-881.85
454.554	-481.85
454.681	-1875.85
454.807	-2362.85
454.933	1854.15
455.06	-505.85
455.186	-1339.85
455.312	248.15
455.439	17.15
455.565	-2130.85
455.691	-2522.85
455.817	-70.85
455.944	245.15
456.07	-995.85
456.196	-218.85
456.322	-3042.85
456.449	-3245.85
456.575	-554.85
456.701	-1972.85
456.827	-2221.85
456.954	-2875.85
457.08	-2049.85
457.206	-3179.85
457.332	-1458.85
457.459	-3044.85
457.585	-1964.85
457.711	-1855.85
457.837	-358.85
457.963	-1116.85
458.09	-2430.85
458.216	-2320.85
458.342	-1385.85
458.468	-1981.85
458.594	-1249.85
458.721	-1129.85
458.847	-947.85
458.973	-2981.85
459.099	-1282.85
459.225	-1134.85
459.351	-2065.85
459.477	-902.85
459.604	-2351.85
459.73	-1606.85
459.856	-2393.85
459.982	-1325.85
460.108	-2937.85
460.234	-3035.85
460.36	-1839.85
460.486	-478.85
460.613	-2073.85
460.739	169.15
460.865	-1839.85
460.991	1287.15
461.117	1797.15
461.243	-2211.85
461.369	-2701.85
461.495	-1792.85
461.621	-747.85
461.747	-329.85
461.873	-139.85
461.999	-2436.85
462.125	-1417.85
462.252	263.15
462.378	-918.85
462.504	-805.85
462.63	-324.85
462.756	-2246.85
462.882	-2073.85
463.008	-2186.85
463.134	-39.85
463.26	-2868.85
463.386	-1739.85
463.512	-1035.85
463.638	-1848.85
463.764	-2423.85
463.89	-1900.85
464.016	303.15
464.142	157.15
464.268	-2167.85
464.394	-1942.85
464.52	-2818.85
464.645	-351.85
464.771	669.15
464.897	-2117.85
465.023	-2396.85
465.149	-603.85
465.275	-2718.85
465.401	-2443.85
465.527	670.15
465.653	-600.85
465.779	690.15
465.905	-2513.85
466.031	-1105.85
466.157	-1929.85
466.282	-1473.85
466.408	-2321.85
466.534	-1211.85
466.66	-2884.85
466.786	-1318.85
466.912	-1124.85
467.038	-1616.85
467.164	-1382.85
467.289	-1739.85
467.415	-1575.85
467.541	-1626.85
467.667	-1044.85
467.793	-1542.85
467.919	-697.85
468.045	-657.85
468.17	-2096.85
468.296	-1131.85
468.422	-1719.85
468.548	-88.85
468.674	-2850.85
468.799	-2184.85
468.925	-1944.85
469.051	-2516.85
469.177	-2871.85
469.303	-2591.85
469.428	-61.85
469.554	-2458.85
469.68	-1918.85
469.806	-316.85
469.931	-1119.85
470.057	2793.15
470.183	-3277.85
470.309	-1748.85
470.434	712.15
470.56	-1873.85
470.686	-587.85
470.812	-1251.85
470.937	-2526.85
471.063	-2541.85
471.189	-300.85
471.315	488.15
471.44	-1298.85
471.566	-1881.85
471.692	470.15
471.817	-1927.85
471.943	-1349.85
472.069	-579.85
472.194	-1488.85
472.32	-1898.85
472.446	-319.85
472.571	-2768.85
472.697	-1673.85
472.823	-867.85
472.948	-2819.85
473.074	-1293.85
473.2	-1013.85
473.325	-2616.85
473.451	-1667.85
473.577	-1484.85
473.702	-2996.85
473.828	-1510.85
473.953	-2990.85
474.079	-1339.85
474.205	-2573.85
474.33	-2507.85
474.456	-1740.85
474.581	991.15
474.707	-1696.85
474.833	-1683.85
474.958	-844.85
475.084	-144.85
475.209	-1698.85
475.335	-2464.85
475.46	-1161.85
475.586	-2361.85
475.712	-706.85
475.837	-1731.85
475.963	-2069.85
476.088	-3177.85
476.214	-1804.85
476.339	-1793.85
476.465	-2294.85
476.59	-3053.85
476.716	731.15
476.841	-2754.85
476.967	928.15
477.092	-1689.85
477.218	-477.85
477.343	-2366.85
477.469	277.15
477.594	-2372.85
477.72	-2411.85
477.845	-618.85
477.971	-2081.85
478.096	-1390.85
478.222	-1690.85
478.347	9775.15
478.472	-463.85
478.598	-1173.85
478.723	-1622.85
478.849	40.15
478.974	-932.85
479.1	-2579.85
479.225	-606.85
479.35	-1564.85
479.476	-666.85
479.601	-2214.85
479.727	103.15
479.852	-1973.85
479.977	-1068.85
480.103	-1249.85
480.228	1323.15
480.354	-1401.85
480.479	-120.85
480.604	-2179.85
480.73	-1624.85
480.855	-2999.85
480.98	35.15
481.106	-3074.85
481.231	-2580.85
481.356	-2181.85
481.482	-3113.85
481.607	-2602.85
481.732	-3381.85
481.858	-1364.85
481.983	-2875.85
482.108	-2315.85
482.234	-2983.85
482.359	-1960.85
482.484	560.15
482.61	-2276.85
482.735	-732.85
482.86	-3041.85
482.985	-2185.85
483.111	-1824.85
483.236	-402.85
483.361	-1786.85
483.486	-2281.85
483.612	-8.85
483.737	-2899.85
483.862	-1398.85
483.987	-897.85
484.113	-3427.85
484.238	-277.85
484.363	-2614.85
484.488	-1679.85
484.614	-245.85
484.739	-1505.85
484.864	367.15
484.989	2987.15
485.114	-802.85
485.24	-1185.85
485.365	-1786.85
485.49	-3197.85
485.615	-283.85
485.74	-1442.85
485.865	-709.85
485.991	-1337.85
486.116	-1013.85
486.241	-2819.85
486.366	-2542.85
486.491	-853.85
486.616	-2804.85
486.742	-1652.85
486.867	-1420.85
486.992	-2624.85
487.117	-2605.85
487.242	-1984.85
487.367	-3088.85
487.492	-1945.85
487.617	-529.85
487.742	-1106.85
487.868	-2072.85
487.993	-502.85
488.118	-1369.85
488.243	-718.85
488.368	-1938.85
488.493	-3394.85
488.618	-2105.85
488.743	-1733.85
488.868	-2375.85
488.993	-1737.85
489.118	-220.85
489.243	-1137.85
489.368	-1821.85
489.493	-251.85
489.618	-1173.85
489.743	-2637.85
489.868	-1225.85
489.993	-2460.85
490.118	-3396.85
490.243	2783.15
490.368	-1988.85
490.493	-1026.85
490.618	-268.85
490.743	-3204.85
490.868	-1405.85
490.993	-1582.85
491.118	-324.85
491.243	-2660.85
491.368	-2590.85
491.493	-838.85
491.618	-1938.85
491.743	-1687.85
491.868	-2291.85
491.993	-1424.85
492.118	-2654.85
492.243	-878.85
492.368	-736.85
492.493	-2285.85
492.618	33.15
492.743	-1606.85
492.867	-15.85
492.992	-1637.85
493.117	-326.85
493.242	-1927.85
493.367	-1880.85
493.492	440.15
493.617	-2531.85
493.742	682.15
493.867	-1484.85
493.991	-3257.85
494.116	-1552.85
494.241	-1081.85
494.366	-1561.85
494.491	-503.85
494.616	73.15
494.74	-2096.85
494.865	-2839.85
494.99	-2246.85
495.115	-1876.85
495.24	-1188.85
495.365	-1800.85
495.489	-2170.85
495.614	-1065.85
495.739	-1441.85
495.864	-2383.85
495.989	-3060.85
496.113	-54.85
496.238	-1340.85
496.363	-2167.85
496.488	-2200.85
496.612	-484.85
496.737	-1999.85
496.862	-1554.85
496.987	-2036.85
497.111	-2852.85
497.236	-2388.85
497.361	-2229.85
497.486	450.15
497.61	-60.85
497.735	-1532.85
497.86	-445.85
497.984	-590.85
498.109	-3277.85
498.234	-2263.85
498.359	-2168.85
498.483	-1430.85
498.608	-1745.85
498.733	-1759.85
498.857	-2642.85
498.982	-1383.85
499.107	-3175.85
499.231	-1386.85
499.356	-2062.85
499.481	740.15
499.605	-3608.85
499.73	-2397.85
499.855	492.15
499.979	-2560.85
500.104	-1698.85
500.228	758.15
500.353	-1565.85
500.478	-2961.85
500.602	-911.85
500.727	745.15
500.852	-424.85
500.976	-3335.85
501.101	-2176.85
501.225	1425.15
501.35	-2652.85
501.474	-2440.85
501.599	-37.85
501.724	-1877.85
501.848	-1591.85
501.973	-257.85
502.097	-2894.85
502.222	-3329.85
502.346	191.15
502.471	-743.85
502.595	-2568.85
502.72	-2828.85
502.844	-2588.85
502.969	-1899.85
503.094	740.15
503.218	-2751.85
503.343	-2291.85
503.467	-2282.85
503.592	-2051.85
503.716	-1766.85
503.841	-992.85
503.965	1314.15
504.089	-2117.85
504.214	-2725.85
504.338	-1818.85
504.463	-1113.85
504.587	-1579.85
504.712	-933.85
504.836	-1608.85
504.961	2137.15
505.085	724.15
505.21	-2237.85
505.334	-2225.85
505.458	1070.15
505.583	-2871.85
505.707	-632.85
505.832	-1997.85
505.956	-1160.85
506.08	-2613.85
506.205	-1754.85
506.329	279.15
506.454	-2932.85
506.578	-1134.85
506.702	-2122.85
506.827	503.15
506.951	-1200.85
507.076	-1716.85
507.2	-2620.85
507.324	-774.85
507.449	-309.85
507.573	-1402.85
507.697	-1845.85
507.822	-1306.85
507.946	-1833.85
508.07	-3178.85
508.195	-1451.85
508.319	-1761.85
508.443	-1568.85
508.567	-3260.85
508.692	-2811.85
508.816	-2253.85
508.94	-1860.85
509.065	-3384.85
509.189	-587.85
509.313	-1089.85
509.437	-280.85
509.562	-1574.85
509.686	-890.85
509.81	-1396.85
509.935	-701.85
510.059	-52.85
510.183	-2284.85
510.307	-3044.85
510.431	-424.85
510.556	-1649.85
510.68	-1972.85
510.804	-3292.85
510.928	-1552.85
511.053	-2939.85
511.177	-2756.85
511.301	-1363.85
511.425	-2208.85
511.549	-1367.85
511.674	-1048.85
511.798	-1132.85
511.922	-706.85
512.046	693.15
512.17	-2055.85
512.294	-2905.85
512.419	-1407.85
512.543	-724.85
512.667	-1862.85
512.791	-2597.85
512.915	-703.85
513.039	-1925.85
513.163	-250.85
513.288	1042.15
513.412	-2030.85
513.536	37.15
513.66	-2267.85
513.784	-1353.85
513.908	-1021.85
514.032	-1520.85
514.156	131.15
514.28	-881.85
514.404	-2029.85
514.528	-1572.85
514.653	-446.85
514.777	48.15
514.901	-853.85
515.025	-1240.85
515.149	-1800.85
515.273	-989.85
515.397	-1897.85
515.521	-1692.85
515.645	-1632.85
515.769	-2474.85
515.893	-2211.85
516.017	-2373.85
516.141	-3060.85
516.265	-2177.85
516.389	-2532.85
516.513	-1595.85
516.637	-2275.85
516.761	-3649.85
516.885	-2509.85
517.009	-1843.85
517.133	-1683.85
517.257	-1895.85
517.381	-380.85
517.505	-171.85
517.629	683.15
517.753	-1890.85
517.877	-3079.85
518.001	-2409.85
518.125	-1641.85
518.248	-354.85
518.372	-1641.85
518.496	-3332.85
518.62	-520.85
518.744	-1365.85
518.868	-1366.85
518.992	-1505.85
519.116	-2375.85
519.24	2946.15
519.364	66.15
519.488	-1522.85
519.611	-2950.85
519.735	-1665.85
519.859	-1853.85
519.983	-799.85
520.107	-1506.85
520.231	-274.85
520.355	-1742.85
520.478	-2909.85
520.602	-2698.85
520.726	303.15
520.85	-1735.85
520.974	-73.85
521.098	-1893.85
521.221	-2685.85
521.345	93.15
521.469	-2481.85
521.593	-1408.85
521.717	353.15
521.84	-1750.85
521.964	-2632.85
522.088	-1865.85
522.212	-2152.85
522.335	-2889.85
522.459	-2603.85
522.583	2029.15
522.707	-2608.85
522.83	-3699.85
522.954	-2357.85
523.078	-2056.85
523.202	-77.85
523.325	-2408.85
523.449	-1403.85
523.573	-1473.85
523.697	-2354.85
523.82	-1377.85
523.944	-2335.85
524.068	-1408.85
524.191	-1731.85
524.315	-3258.85
524.439	-1257.85
524.562	-202.85
524.686	-2056.85
524.81	-2592.85
524.933	-2578.85
525.057	-2069.85
525.181	-826.85
525.304	-3005.85
525.428	309.15
525.552	-2662.85
525.675	-1777.85
525.799	-2769.85
525.923	-1458.85
526.046	-651.85
526.17	-3020.85
526.293	-3019.85
526.417	-1703.85
526.541	-322.85
526.664	-1986.85
526.788	-1977.85
526.911	-1203.85
527.035	-2542.85
527.159	-1859.85
527.282	-2162.85
527.406	-2476.85
527.529	-404.85
527.653	-2746.85
527.776	-1155.85
527.9	-2778.85
528.024	-2277.85
528.147	-1893.85
528.271	-221.85
528.394	-408.85
528.518	66.15
528.641	-2672.85
528.765	-1303.85
528.888	-1477.85
529.012	-479.85
529.135	-1643.85
529.259	232.15
529.382	-2204.85
529.506	-2473.85
529.629	-1606.85
529.753	-2887.85
529.876	324.15
530	351.15
530.123	-967.85
530.247	-2694.85
530.37	-2278.85
530.493	-1313.85
530.617	-2771.85
530.74	8.15
530.864	-756.85
530.987	-2878.85
531.111	-777.85
531.234	-2851.85
531.357	-908.85
531.481	-524.85
531.604	-111.85
531.728	-3300.85
531.851	-1520.85
531.974	-1232.85
532.098	-1766.85
532.221	-2600.85
532.345	-1933.85
532.468	-2595.85
532.591	875.15
532.715	-1844.85
532.838	-2052.85
532.961	-1527.85
533.085	-2543.85
533.208	-1520.85
533.331	-3522.85
533.455	345.15
533.578	-1750.85
533.701	-1032.85
533.825	-728.85
533.948	-1929.85
534.071	-2092.85
534.195	-375.85
534.318	-3054.85
534.441	-1785.85
534.564	-1199.85
534.688	-2528.85
534.811	-907.85
534.934	-1618.85
535.058	-1153.85
535.181	227.15
535.304	-871.85
535.427	-2603.85
535.551	-2998.85
535.674	-1807.85
535.797	-957.85
535.92	-354.85
536.043	-2914.85
536.167	-3047.85
536.29	-971.85
536.413	-996.85
536.536	-2537.85
536.66	-2189.85
536.783	-1422.85
536.906	-989.85
537.029	-2109.85
537.152	-2257.85
537.275	-1588.85
537.399	651.15
537.522	-3376.85
537.645	-2040.85
537.768	-2366.85
537.891	-836.85
538.014	-1783.85
538.138	-2404.85
538.261	-2220.85
538.384	-1585.85
538.507	-2401.85
538.63	-2405.85
538.753	37.15
538.876	-1356.85
538.999	-2652.85
539.123	-691.85
539.246	748.15
539.369	1238.15
539.492	-2456.85
539.615	-3035.85
539.738	439.15
539.861	-2182.85
539.984	-1353.85
540.107	-1157.85
540.23	-2553.85
540.353	-2320.85
540.476	-3456.85
540.599	-519.85
540.722	-2782.85
540.846	-895.85
540.969	-3032.85
541.092	-1248.85
541.215	-2999.85
541.338	-979.85
541.461	-2524.85
541.584	-1694.85
541.707	-1728.85
541.83	-2065.85
541.953	-866.85
542.076	-1940.85
542.199	-1439.85
542.322	77.15
542.445	984.15
542.567	-1749.85
542.69	-1242.85
542.813	-1496.85
542.936	-628.85
543.059	-1882.85
543.182	1259.15
543.305	592.15
543.428	-1384.85
543.551	-2005.85
543.674	183.15
543.797	-333.85
543.92	-1646.85
544.043	1046.15
544.166	-2952.85
544.288	-1832.85
544.411	-663.85
544.534	-2846.85
544.657	-1204.85
544.78	-1437.85
544.903	-810.85
545.026	-1971.85
545.149	-2893.85
545.271	-2668.85
545.394	-2305.85
545.517	-3333.85
545.64	2612.15
545.763	-1790.85
545.886	-2105.85
546.008	-1061.85
546.131	-488.85
546.254	-1822.85
546.377	-3097.85
546.5	-1114.85
546.623	-1305.85
546.745	-2644.85
546.868	-1629.85
546.991	-168.85
547.114	-1686.85
547.236	-1165.85
547.359	-2591.85
547.482	-1695.85
547.605	-2827.85
547.728	-1672.85
547.85	-2774.85
547.973	-2400.85
548.096	-2201.85
548.219	-921.85
548.341	-1502.85
548.464	-3369.85
548.587	-1733.85
548.709	-2164.85
548.832	-1185.85
548.955	1285.15
549.078	-33.85
549.2	-2090.85
549.323	-1735.85
549.446	235.15
549.568	-1788.85
549.691	-519.85
549.814	-215.85
549.936	-2122.85
550.059	-2246.85
550.182	-2525.85
550.304	-3133.85
550.427	-1816.85
550.55	-2454.85
550.672	-1968.85
550.795	1781.15
550.917	-2510.85
551.04	-2080.85
551.163	-697.85
551.285	594.15
551.408	-672.85
551.531	1871.15
551.653	-2589.85
551.776	-1494.85
551.898	-1306.85
552.021	-1227.85
552.143	-1526.85
552.266	-1404.85
552.389	-1952.85
552.511	-3013.85
552.634	-2670.85
552.756	-2689.85
552.879	1646.15
553.001	-126.85
553.124	-2830.85
553.246	-2297.85
553.369	35.15
553.492	-1917.85
553.614	502.15
553.737	-3547.85
553.859	-779.85
553.982	-425.85
554.104	-854.85
554.227	-2371.85
554.349	-2038.85
554.472	-2189.85
554.594	-3223.85
554.716	270.15
554.839	-993.85
554.961	-1510.85
555.084	-2073.85
555.206	-1264.85
555.329	-3325.85
555.451	-3087.85
555.574	-1111.85
555.696	-2550.85
555.819	-1853.85
555.941	-1452.85
556.063	-443.85
556.186	-1452.85
556.308	-961.85
556.431	840.15
556.553	-191.85
556.675	-2075.85
556.798	-2127.85
556.92	-560.85
557.043	-1786.85
557.165	-2653.85
557.287	-1295.85
557.41	-1995.85
557.532	-1351.85
557.654	-2012.85
557.777	-667.85
557.899	-1757.85
558.021	-1169.85
558.144	713.15
558.266	-147.85
558.388	1660.15
558.511	-1493.85
558.633	-1836.85
558.755	-2360.85
558.878	-2772.85
559	-106.85
559.122	-3179.85
559.244	-2458.85
559.367	-2198.85
559.489	544.15
559.611	397.15
559.734	-1715.85
559.856	-1439.85
559.978	-888.85
560.1	-1248.85
560.223	-1648.85
560.345	-654.85
560.467	-2530.85
560.589	-1907.85
560.712	-2386.85
560.834	1052.15
560.956	-2672.85
561.078	-1432.85
561.2	-1652.85
561.323	64.15
561.445	-2849.85
561.567	-1985.85
561.689	-2953.85
561.811	-1396.85
561.934	-1421.85
562.056	-1658.85
562.178	-920.85
562.3	-2091.85
562.422	-829.85
562.544	-1006.85
562.666	-999.85
562.789	-1278.85
562.911	-1159.85
563.033	23.15
563.155	-898.85
563.277	-2473.85
563.399	-2849.85
563.521	-1798.85
563.643	-2675.85
563.766	-1602.85
563.888	5.15
564.01	-822.85
564.132	-2907.85
564.254	-3025.85
564.376	568.15
564.498	-1329.85
564.62	319.15
564.742	-1810.85
564.864	-2566.85
564.986	-1022.85
565.108	1632.15
565.23	-2304.85
565.352	93.15
565.474	-720.85
565.597	520.15
565.719	133.15
565.841	-2562.85
565.963	-1619.85
566.085	-1546.85
566.207	-1957.85
566.329	286.15
566.451	360.15
566.573	-2304.85
566.695	-2260.85
566.817	1553.15
566.938	-2417.85
567.06	-2037.85
567.182	-1514.85
567.304	-1197.85
567.426	-2427.85
567.548	-42.85
567.67	-1184.85
567.792	-1502.85
567.914	-2193.85
568.036	-1949.85
568.158	-1103.85
568.28	-2298.85
568.402	-722.85
568.524	-1885.85
568.646	-2719.85
568.767	-1632.85
568.889	-407.85
569.011	-2101.85
569.133	-2446.85
569.255	-2835.85
569.377	-2573.85
569.499	-1266.85
569.621	-2643.85
569.742	2046.15
569.864	-495.85
569.986	2092.15
570.108	-784.85
570.23	-2562.85
570.352	725.15
570.473	-1456.85
570.595	-1967.85
570.717	-2561.85
570.839	-720.85
570.961	-496.85
571.082	-1911.85
571.204	-2110.85
571.326	-2347.85
571.448	-567.85
571.57	-631.85
571.691	-1014.85
571.813	-880.85
571.935	-329.85
572.057	-1748.85
572.178	-2435.85
572.3	1013.15
572.422	329.15
572.544	664.15
572.665	-1874.85
572.787	-2771.85
572.909	555.15
573.031	-1123.85
573.152	-2542.85
573.274	-470.85
573.396	-1236.85
573.517	-454.85
573.639	-2772.85
573.761	-2176.85
573.882	-1615.85
574.004	-942.85
574.126	-1911.85
574.247	30.15
574.369	-471.85
574.491	-1737.85
574.612	-2153.85
574.734	-1142.85
574.856	-1607.85
574.977	-1326.85
575.099	-528.85
575.221	-874.85
575.342	-2115.85
575.464	-1318.85
575.585	-114.85
575.707	-2344.85
575.829	231.15
575.95	139.15
576.072	-1804.85
576.193	-2236.85
576.315	-2181.85
576.437	-1818.85
576.558	-1066.85
576.68	-1451.85
576.801	-285.85
576.923	-3009.85
577.044	360.15
577.166	-2779.85
577.287	-1716.85
577.409	-2149.85
577.531	-1021.85
577.652	-178.85
577.774	-3132.85
577.895	-1621.85
578.017	-1983.85
578.138	-2202.85
578.26	-1931.85
578.381	-911.85
578.503	-1923.85
578.624	-1814.85
578.746	-3368.85
578.867	-1693.85
578.988	-588.85
579.11	1034.15
579.231	-1137.85
579.353	-2607.85
579.474	-1052.85
579.596	-1569.85
579.717	-463.85
579.839	-1884.85
579.96	-2872.85
580.081	-415.85
580.203	-2139.85
580.324	-1505.85
580.446	-10.85
580.567	-817.85
580.688	455.15
580.81	-2945.85
580.931	-1683.85
581.053	-2769.85
581.174	-1433.85
581.295	-2773.85
581.417	-142.85
581.538	-163.85
581.659	-595.85
581.781	-1832.85
581.902	-1804.85
582.024	-2377.85
582.145	-2542.85
582.266	-2861.85
582.388	-1115.85
582.509	-2526.85
582.63	-1236.85
582.751	-2344.85
582.873	-1141.85
582.994	-1715.85
583.115	-1960.85
583.237	-1401.85
583.358	-1858.85
583.479	-2998.85
583.6	-548.85
583.722	-1952.85
583.843	-2733.85
583.964	-214.85
584.086	-2146.85
584.207	-1227.85
584.328	-2580.85
584.449	-399.85
584.57	-1380.85
584.692	-1682.85
584.813	6334.15
584.934	-1089.85
585.055	-2766.85
585.177	-835.85
585.298	-996.85
585.419	-2465.85
585.54	845.15
585.661	-936.85
585.783	-634.85
585.904	-2115.85
586.025	-302.85
586.146	-2755.85
586.267	-1584.85
586.388	-2194.85
586.51	1435.15
586.631	-3012.85
586.752	-2183.85
586.873	-1663.85
586.994	-3080.85
587.115	-2897.85
587.236	-1662.85
587.357	-2935.85
587.479	-2788.85
587.6	422.15
587.721	-1286.85
587.842	-2302.85
587.963	1052.15
588.084	30.15
588.205	-2496.85
588.326	-1261.85
588.447	-1731.85
588.568	-2208.85
588.689	-902.85
588.81	-779.85
588.931	-1965.85
589.052	-2671.85
589.174	-1959.85
589.295	-744.85
589.416	-1299.85
589.537	-251.85
589.658	-1682.85
589.779	-3054.85
589.9	-148.85
590.021	-2576.85
590.142	-2079.85
590.263	-2470.85
590.384	-1640.85
590.505	1309.15
590.626	-2364.85
590.747	-1069.85
590.867	-1198.85
590.988	-1114.85
591.109	-1563.85
591.23	687.15
591.351	-564.85
591.472	-2270.85
591.593	-1639.85
591.714	-741.85
591.835	-2082.85
591.956	-2400.85
592.077	-2967.85
592.198	-1697.85
592.319	-1613.85
592.44	-673.85
592.56	-2008.85
592.681	-2890.85
592.802	-689.85
592.923	-2008.85
593.044	-1746.85
593.165	-2429.85
593.286	-1150.85
593.407	-2821.85
593.527	22.15
593.648	-2462.85
593.769	-888.85
593.89	552.15
594.011	-1522.85
594.132	-1737.85
594.252	-652.85
594.373	-2772.85
594.494	-2859.85
594.615	-1418.85
594.736	-1833.85
594.856	-92.85
594.977	-2287.85
595.098	-1213.85
595.219	-2773.85
595.34	-1400.85
595.46	-2511.85
595.581	1623.15
595.702	-1592.85
595.823	-2593.85
595.943	-253.85
596.064	-1438.85
596.185	383.15
596.306	-3392.85
596.426	-2247.85
596.547	-2698.85
596.668	-1280.85
596.788	-753.85
596.909	-906.85
597.03	-812.85
597.151	-1670.85
597.271	-2565.85
597.392	-1676.85
597.513	-655.85
597.633	-529.85
597.754	-1491.85
597.875	-1086.85
597.995	563.15
598.116	-1505.85
598.237	-1960.85
598.357	-2270.85
598.478	-2105.85
598.599	567.15
598.719	-1882.85
598.84	-2316.85
598.96	-2228.85
599.081	-1661.85
599.202	-1862.85
599.322	-2418.85
599.443	-2496.85
599.563	-956.85
599.684	-450.85
599.805	-1725.85
599.925	-2777.85
600.046	1346.15
600.166	-2202.85
600.287	-1298.85
600.407	-944.85
600.528	-106.85
600.649	-823.85
600.769	-730.85
600.89	-2665.85
601.01	-579.85
601.131	-2637.85
601.251	1394.15
601.372	-519.85
601.492	-2132.85
601.613	-2462.85
601.733	-1778.85
601.854	1228.15
601.974	1240.15
602.095	580.15
602.215	-2620.85
602.336	-2622.85
602.456	1116.15
602.577	-2438.85
602.697	5063.15
602.817	-39.85
602.938	-1628.85
603.058	-1046.85
603.179	-2364.85
603.299	-2397.85
603.42	-3202.85
603.54	-1189.85
603.66	-2561.85
603.781	-912.85
603.901	-2244.85
604.022	400.15
604.142	-935.85
604.262	-1076.85
604.383	-2386.85
604.503	137.15
604.624	-2137.85
604.744	-758.85
604.864	-756.85
604.985	-2206.85
605.105	-816.85
605.225	-882.85
605.346	-1502.85
605.466	-709.85
605.586	1442.15
605.707	1895.15
605.827	-3044.85
605.947	-1986.85
606.068	-1544.85
606.188	-1602.85
606.308	-2305.85
606.429	-1172.85
606.549	-1664.85
606.669	-2685.85
606.789	-2406.85
606.91	-982.85
607.03	-2409.85
607.15	-1986.85
607.27	-1117.85
607.391	-421.85
607.511	-1884.85
607.631	-2249.85
607.751	-24.85
607.872	-357.85
607.992	-2143.85
608.112	-49.85
608.232	-2120.85
608.353	-2723.85
608.473	-2302.85
608.593	469.15
608.713	2324.15
608.833	-2057.85
608.954	-2164.85
609.074	-1510.85
609.194	-2752.85
609.314	1133.15
609.434	-647.85
609.554	-1326.85
609.675	-1079.85
609.795	-2654.85
609.915	-2025.85
610.035	2279.15
610.155	-1793.85
610.275	-2336.85
610.395	-298.85
610.516	-2735.85
610.636	-1126.85
610.756	-825.85
610.876	-388.85
610.996	-2185.85
611.116	780.15
611.236	-3036.85
611.356	-1689.85
611.476	-1380.85
611.596	-1003.85
611.716	589.15
611.836	-2021.85
611.957	-2323.85
612.077	-1524.85
612.197	-868.85
612.317	-2227.85
612.437	463.15
612.557	62.15
612.677	-1800.85
612.797	-644.85
612.917	-2893.85
613.037	-843.85
613.157	-1316.85
613.277	-879.85
613.397	745.15
613.517	485.15
613.637	-2639.85
613.757	-989.85
613.877	-1993.85
613.997	-1303.85
614.117	-2654.85
614.237	-1509.85
614.356	-650.85
614.476	-100.85
614.596	-499.85
614.716	-1396.85
614.836	-1495.85
614.956	-373.85
615.076	-1566.85
615.196	-2279.85
615.316	-1101.85
615.436	-667.85
615.556	219.15
615.676	1736.15
615.795	-621.85
615.915	-1219.85
616.035	-2405.85
616.155	-1119.85
616.275	-1993.85
616.395	-2394.85
616.515	-615.85
616.635	-3217.85
616.754	-3070.85
616.874	-658.85
616.994	-1581.85
617.114	1812.15
617.234	542.15
617.354	-1322.85
617.473	1530.15
617.593	-1553.85
617.713	-809.85
617.833	-823.85
617.953	-1468.85
618.072	-3333.85
618.192	-2227.85
618.312	244.15
618.432	-945.85
618.551	-2289.85
618.671	-2129.85
618.791	-773.85
618.911	-1247.85
619.03	-1286.85
619.15	-956.85
619.27	-1652.85
619.39	-2029.85
619.509	-845.85
619.629	-1828.85
619.749	-2471.85
619.868	-1342.85
619.988	-2355.85
620.108	-1702.85
620.228	4787.15
620.347	-1604.85
620.467	-2174.85
620.587	-2091.85
620.706	42.15
620.826	-2736.85
620.946	-2201.85
621.065	-220.85
621.185	1649.15
621.305	-2154.85
621.424	-1804.85
621.544	-2995.85
621.663	-1502.85
621.783	-2208.85
621.903	1707.15
622.022	-2640.85
622.142	-1613.85
622.261	898.15
622.381	-1044.85
622.501	-592.85
622.62	-1824.85
622.74	-1328.85
622.859	-1228.85
622.979	736.15
623.099	-1850.85
623.218	-1064.85
623.338	1482.15
623.457	-342.85
623.577	-2389.85
623.696	-989.85
623.816	-2843.85
623.935	-2140.85
624.055	-2497.85
624.174	-1780.85
624.294	-796.85
624.413	-2697.85
624.533	-1454.85
624.652	356.15
624.772	-1962.85
624.891	-2633.85
625.011	-380.85
625.13	-2264.85
625.25	-2630.85
625.369	-1816.85
625.489	-2246.85
625.608	-2452.85
625.728	-1281.85
625.847	-1070.85
625.966	-2950.85
626.086	-2311.85
626.205	-2687.85
626.325	-601.85
626.444	-1265.85
626.564	256.15
626.683	414.15
626.802	-129.85
626.922	-501.85
627.041	-879.85
627.161	-1116.85
627.28	-527.85
627.399	-400.85
627.519	-1450.85
627.638	-2680.85
627.757	-1887.85
627.877	-2029.85
627.996	-2192.85
628.115	-497.85
628.235	-350.85
628.354	-2865.85
628.473	-1641.85
628.593	735.15
628.712	-1088.85
628.831	-1395.85
628.951	-2841.85
629.07	768.15
629.189	-808.85
629.309	-1892.85
629.428	400.15
629.547	-2342.85
629.666	-81.85
629.786	-1586.85
629.905	-2649.85
630.024	-84.85
630.143	-381.85
630.263	-1210.85
630.382	1203.15
630.501	-1104.85
630.62	-1617.85
630.74	-2681.85
630.859	335.15
630.978	-1483.85
631.097	-2597.85
631.216	-2810.85
631.336	115.15
631.455	-1927.85
631.574	-1597.85
631.693	-833.85
631.812	-2037.85
631.932	-2882.85
632.051	1007.15
632.17	1852.15
632.289	-752.85
632.408	-1434.85
632.527	-631.85
632.646	-1451.85
632.766	-2799.85
632.885	1483.15
633.004	-2535.85
633.123	-1650.85
633.242	-2624.85
633.361	4818.15
633.48	-2132.85
633.599	-2556.85
633.718	-663.85
633.838	-448.85
633.957	-2886.85
634.076	-1272.85
634.195	-2187.85
634.314	125.15
634.433	-180.85
634.552	-2462.85
634.671	-1033.85
634.79	1975.15
634.909	75.15
635.028	-1435.85
635.147	-820.85
635.266	-2088.85
635.385	-695.85
635.504	-2903.85
635.623	-1005.85
635.742	-2425.85
635.861	-2481.85
635.98	-1457.85
636.099	-2593.85
636.218	-1081.85
636.337	-791.85
636.456	1412.15
636.575	-840.85
636.694	-925.85
636.813	-2344.85
636.932	-2744.85
637.051	-1714.85
637.17	-2535.85
637.289	-471.85
637.408	-2834.85
637.526	-1974.85
637.645	-2914.85
637.764	-2499.85
637.883	-2357.85
638.002	-615.85
638.121	2513.15
638.24	-2377.85
638.359	-621.85
638.478	-2132.85
638.597	-2231.85
638.715	2914.15
638.834	-1492.85
638.953	-757.85
639.072	-2497.85
639.191	-2693.85
639.31	-412.85
639.428	-1736.85
639.547	-377.85
639.666	-369.85
639.785	-686.85
639.904	-1747.85
640.023	-2668.85
640.141	-1455.85
640.26	-2144.85
640.379	-804.85
640.498	-2584.85
640.616	-768.85
640.735	-1630.85
640.854	-283.85
640.973	-2466.85
641.092	70.15
641.21	-685.85
641.329	-2114.85
641.448	201.15
641.567	1108.15
641.685	-1661.85
641.804	-2067.85
641.923	-896.85
642.041	-2185.85
642.16	-1857.85
642.279	-288.85
642.398	-1456.85
642.516	-1786.85
642.635	376.15
642.754	-2238.85
642.872	596.15
642.991	490.15
643.11	-2018.85
643.228	-3152.85
643.347	-2274.85
643.466	-2577.85
643.584	15.15
643.703	795.15
643.821	-595.85
643.94	-571.85
644.059	-1236.85
644.177	-192.85
644.296	-2367.85
644.415	-1596.85
644.533	-1584.85
644.652	-786.85
644.77	-2604.85
644.889	-2114.85
645.008	-856.85
645.126	-2338.85
645.245	-232.85
645.363	842.15
645.482	-1108.85
645.6	-1538.85
645.719	-1866.85
645.837	-1431.85
645.956	-1161.85
646.074	-3136.85
646.193	-2089.85
646.312	268.15
646.43	829.15
646.549	855.15
646.667	-2944.85
646.786	-2356.85
646.904	-400.85
647.023	-944.85
647.141	-2249.85
647.26	98.15
647.378	2285.15
647.496	-2193.85
647.615	-215.85
647.733	-1007.85
647.852	879.15
647.97	-2659.85
648.089	129.15
648.207	-189.85
648.326	204.15
648.444	-1606.85
648.562	-1007.85
648.681	-327.85
648.799	-1967.85
648.918	-1427.85
649.036	-765.85
649.154	-1654.85
649.273	-248.85
649.391	-2212.85
649.51	-1928.85
649.628	-2366.85
649.746	665.15
649.865	-2647.85
649.983	-2131.85
650.101	-1177.85
650.22	-1731.85
650.338	-2722.85
650.456	-1475.85
650.575	-1563.85
650.693	-2730.85
650.811	-996.85
650.93	-2482.85
651.048	7655.15
651.166	1781.15
651.285	-1861.85
651.403	52.15
651.521	-773.85
651.639	-1928.85
651.758	-1811.85
651.876	1470.15
651.994	-2088.85
652.112	-96.85
652.231	-1616.85
652.349	-1938.85
652.467	-3403.85
652.585	-1505.85
652.704	-756.85
652.822	-2680.85
652.94	-2490.85
653.058	-729.85
653.176	-2293.85
653.295	-903.85
653.413	114.15
653.531	-2094.85
653.649	-1850.85
653.767	-1880.85
653.886	-1887.85
654.004	-2564.85
654.122	396.15
654.24	-2788.85
654.358	-1785.85
654.476	-1971.85
654.594	889.15
654.713	-1532.85
654.831	-2841.85
654.949	-1904.85
655.067	-1037.85
655.185	-2396.85
655.303	-1906.85
655.421	-1988.85
655.539	173.15
655.658	-1089.85
655.776	-1435.85
655.894	-31.85
656.012	351.15
656.13	-2382.85
656.248	-1497.85
656.366	-2830.85
656.484	-2363.85
656.602	-2367.85
656.72	-2061.85
656.838	-1222.85
656.956	-2421.85
657.074	110.15
657.192	-652.85
657.31	-2462.85
657.428	-2085.85
657.546	-214.85
657.664	-1052.85
657.782	-1883.85
657.9	111.15
658.018	-1365.85
658.136	-913.85
658.254	23.15
658.372	-188.85
658.49	-2191.85
658.608	-2464.85
658.726	-900.85
658.844	-619.85
658.962	-1588.85
659.08	-2399.85
659.198	-1373.85
659.316	-2009.85
