Data from 350_HR4D30811__1__07.txt Node

197.25	-4194
197.385	-4194
197.519	-4194
197.653	-4228
197.787	1173
197.922	-569
198.056	603
198.19	7
198.324	-236
198.459	-1061
198.593	2593
198.727	-298
198.861	-511
198.996	1207
199.13	-1600
199.264	-1319
199.398	-197
199.533	1381
199.667	774
199.801	-575
199.935	-1342
200.07	-426
200.204	157
200.338	-1151
200.472	-938
200.606	-1788
200.741	-977
200.875	-1007
201.009	-670
201.143	-1475
201.277	467
201.412	-22
201.546	1368
201.68	600
201.814	-1228
201.948	223
202.082	-559
202.217	-1758
202.351	-701
202.485	-479
202.619	-1225
202.753	-1834
202.887	1411
203.021	597
203.156	1342
203.29	244
203.424	-512
203.558	-1136
203.692	-567
203.826	-1708
203.96	-988
204.094	864
204.229	-960
204.363	-1331
204.497	-1737
204.631	-1591
204.765	-1059
204.899	-561
205.033	-829
205.167	-1386
205.301	46
205.435	-1660
205.569	-520
205.704	-563
205.838	-1709
205.972	-1003
206.106	2705
206.24	-743
206.374	-1319
206.508	-133
206.642	-44
206.776	-1021
206.91	606
207.044	-127
207.178	619
207.312	-478
207.446	-783
207.58	-897
207.714	-1747
207.848	908
207.982	-1942
208.116	370
208.25	-1228
208.384	-1137
208.518	-1055
208.652	-1469
208.786	-1580
208.92	1129
209.054	-328
209.188	-1436
209.322	-690
209.456	-734
209.59	-1549
209.724	-598
209.858	-337
209.992	-642
210.126	-1030
210.26	-808
210.394	-445
210.528	-360
210.662	-1082
210.796	-864
210.929	670
211.063	-131
211.197	-264
211.331	-180
211.465	-1173
211.599	304
211.733	512
211.867	-853
212.001	-1233
212.135	-592
212.269	-1101
212.402	-1109
212.536	334
212.67	-882
212.804	-1244
212.938	89
213.072	-1317
213.206	-772
213.34	-1013
213.473	-847
213.607	614
213.741	-1815
213.875	-1444
214.009	-1228
214.143	-987
214.277	-1018
214.41	-1192
214.544	1068
214.678	617
214.812	1421
214.946	-1489
215.08	-705
215.213	-1200
215.347	-928
215.481	-643
215.615	-1668
215.749	202
215.882	-1476
216.016	-1482
216.15	111
216.284	864
216.418	-312
216.551	211
216.685	-131
216.819	-1553
216.953	-996
217.086	1522
217.22	-946
217.354	-289
217.488	84
217.621	629
217.755	-133
217.889	-883
218.023	-608
218.156	415
218.29	248
218.424	704
218.558	-1313
218.691	-1936
218.825	-808
218.959	2249
219.092	-956
219.226	-1594
219.36	-1683
219.494	-596
219.627	-1227
219.761	-1113
219.895	-453
220.028	-1631
220.162	1995
220.296	597
220.429	105
220.563	-816
220.697	-419
220.83	-1070
220.964	-897
221.098	-1549
221.231	-1435
221.365	449
221.499	-1399
221.632	-1235
221.766	-9
221.9	-496
222.033	-626
222.167	423
222.3	-1236
222.434	122
222.568	917
222.701	-987
222.835	-1035
222.968	-1395
223.102	-1453
223.236	-1533
223.369	-124
223.503	396
223.636	-1339
223.77	-1123
223.904	-262
224.037	-1020
224.171	267
224.304	-91
224.438	-1331
224.571	-750
224.705	832
224.839	-503
224.972	-2028
225.106	93
225.239	-583
225.373	292
225.506	-446
225.64	436
225.773	-850
225.907	-1002
226.04	-1915
226.174	-633
226.307	-438
226.441	-906
226.575	-460
226.708	948
226.842	-318
226.975	-1106
227.109	-1372
227.242	110
227.375	241
227.509	-395
227.642	-1229
227.776	371
227.909	52
228.043	-1341
228.176	778
228.31	-1426
228.443	1546
228.577	-535
228.71	-1105
228.844	-146
228.977	-1235
229.111	-1083
229.244	-402
229.377	-1447
229.511	-330
229.644	-1178
229.778	-966
229.911	-1002
230.044	-645
230.178	-151
230.311	-1358
230.445	351
230.578	-1277
230.711	-863
230.845	1499
230.978	257
231.112	-1307
231.245	-1636
231.378	-1316
231.512	290
231.645	-2204
231.779	-1735
231.912	-216
232.045	294
232.179	-913
232.312	-738
232.445	533
232.579	1328
232.712	731
232.845	-1273
232.979	-1998
233.112	153
233.245	-813
233.379	-1767
233.512	-343
233.645	-1504
233.779	-1391
233.912	-33
234.045	-987
234.179	339
234.312	-1035
234.445	-60
234.578	-471
234.712	4
234.845	136
234.978	-995
235.112	-673
235.245	716
235.378	-1368
235.511	-31
235.645	24
235.778	-43
235.911	-1020
236.044	-1749
236.178	1241
236.311	-1313
236.444	-1558
236.577	-1453
236.711	-815
236.844	-1953
236.977	-923
237.11	-1040
237.243	-360
237.377	-1520
237.51	-1344
237.643	5016
237.776	-1167
237.909	-702
238.043	-208
238.176	-1489
238.309	-399
238.442	-1665
238.575	-625
238.709	2065
238.842	-266
238.975	-110
239.108	725
239.241	-1674
239.374	-1668
239.508	-1141
239.641	1004
239.774	1921
239.907	-574
240.04	-1463
240.173	-32
240.306	1358
240.44	-1298
240.573	823
240.706	-968
240.839	-252
240.972	-430
241.105	-241
241.238	251
241.371	-455
241.504	-669
241.638	-644
241.771	-462
241.904	-1006
242.037	144
242.17	-1101
242.303	-1717
242.436	-590
242.569	-798
242.702	-1159
242.835	-941
242.968	-198
243.101	-929
243.234	-1024
243.367	-1520
243.5	-602
243.634	-1108
243.767	-1573
243.9	-1288
244.033	-1587
244.166	300
244.299	-1700
244.432	-1258
244.565	-335
244.698	-1870
244.831	-1013
244.964	-1635
245.097	-1211
245.23	-431
245.363	991
245.496	-1599
245.629	-855
245.762	2299
245.895	-1390
246.028	-1117
246.161	2088
246.294	-47
246.427	-1342
246.559	267
246.692	-440
246.825	-953
246.958	-1126
247.091	-1775
247.224	-1802
247.357	-1378
247.49	665
247.623	-1301
247.756	-1417
247.889	1639
248.022	-577
248.155	-1516
248.288	-760
248.421	-1388
248.553	416
248.686	-1390
248.819	451
248.952	-1521
249.085	933
249.218	-522
249.351	-729
249.484	250
249.617	-445
249.749	-1438
249.882	-1581
250.015	-1466
250.148	-977
250.281	-1646
250.414	-1181
250.547	-953
250.679	685
250.812	-773
250.945	-214
251.078	-1544
251.211	-903
251.344	-1529
251.476	-1184
251.609	-631
251.742	-1510
251.875	-441
252.008	-1187
252.14	-1904
252.273	-605
252.406	925
252.539	-144
252.672	-802
252.804	693
252.937	-1552
253.07	-165
253.203	-993
253.335	326
253.468	-2092
253.601	-866
253.734	-719
253.866	-1090
253.999	2026
254.132	-179
254.265	-909
254.397	-1125
254.53	-746
254.663	-523
254.796	-1170
254.928	-1572
255.061	-1219
255.194	-511
255.327	-1833
255.459	-161
255.592	-1777
255.725	383
255.857	-1273
255.99	-308
256.123	-1561
256.255	-1469
256.388	-662
256.521	-1413
256.653	-1820
256.786	-1646
256.919	-1034
257.051	-1571
257.184	-206
257.317	-1370
257.449	-1569
257.582	-605
257.715	-1229
257.847	-1442
257.98	-626
258.113	-1144
258.245	-931
258.378	-2063
258.51	-1724
258.643	-1254
258.776	82
258.908	-1483
259.041	-499
259.174	-1203
259.306	-1306
259.439	-1639
259.571	-1301
259.704	-893
259.837	587
259.969	-1179
260.102	-1368
260.234	1084
260.367	102
260.499	-1219
260.632	-979
260.765	-1210
260.897	-1132
261.03	-1447
261.162	-512
261.295	-387
261.427	24
261.56	-367
261.692	-1547
261.825	-273
261.957	170
262.09	336
262.222	53
262.355	-1481
262.487	-695
262.62	-1414
262.752	-954
262.885	-851
263.017	-91
263.15	-1039
263.282	-579
263.415	-1413
263.547	-574
263.68	639
263.812	-1822
263.945	-576
264.077	-1591
264.21	818
264.342	-1729
264.475	-1325
264.607	543
264.74	-2313
264.872	-444
265.004	684
265.137	383
265.269	1893
265.402	-1558
265.534	-1077
265.667	-1229
265.799	561
265.931	-677
266.064	-21
266.196	-1282
266.329	-936
266.461	-1138
266.593	117
266.726	-1957
266.858	-975
266.99	-806
267.123	-1020
267.255	-262
267.388	-929
267.52	-1405
267.652	-1143
267.785	614
267.917	-219
268.049	-976
268.182	1850
268.314	267
268.446	-1957
268.579	-1558
268.711	970
268.843	-1282
268.976	-509
269.108	1897
269.24	753
269.373	-288
269.505	-874
269.637	-931
269.77	-1142
269.902	783
270.034	-1552
270.167	124
270.299	-226
270.431	-202
270.563	-1264
270.696	-223
270.828	-887
270.96	-659
271.092	-343
271.225	-1457
271.357	-669
271.489	-1227
271.621	-1434
271.754	2416
271.886	-1480
272.018	-1284
272.15	1334
272.283	-1758
272.415	-987
272.547	56
272.679	387
272.811	-752
272.944	-748
273.076	-2029
273.208	-359
273.34	-608
273.473	-974
273.605	173
273.737	-1734
273.869	-649
274.001	-2098
274.133	-78
274.266	-1308
274.398	7623
274.53	110
274.662	483
274.794	16
274.926	-60
275.059	-1664
275.191	-134
275.323	-1627
275.455	204
275.587	-1274
275.719	-963
275.851	-868
275.983	25
276.116	-128
276.248	313
276.38	-1574
276.512	-389
276.644	-777
276.776	-1667
276.908	-435
277.04	-1042
277.172	123
277.304	-1215
277.437	-206
277.569	-1459
277.701	-1460
277.833	-814
277.965	-967
278.097	-142
278.229	-1057
278.361	-1123
278.493	287
278.625	574
278.757	116
278.889	-1451
279.021	-1227
279.153	2943
279.285	-1406
279.417	3086
279.549	246
279.681	-914
279.813	-1339
279.945	94
280.077	-1217
280.209	5245
280.341	-1621
280.473	-985
280.605	422
280.737	-410
280.869	1120
281.001	-511
281.133	-1874
281.265	-650
281.397	-797
281.529	942
281.661	-1400
281.793	-2094
281.925	-1238
282.057	-945
282.189	-847
282.321	-479
282.453	-5
282.585	-1555
282.717	632
282.849	-618
282.98	-972
283.112	-661
283.244	-522
283.376	-1583
283.508	-1935
283.64	-1509
283.772	318
283.904	364
284.036	-1658
284.168	670
284.299	-313
284.431	-464
284.563	-875
284.695	-845
284.827	-1522
284.959	-140
285.091	-1338
285.222	-1608
285.354	-1305
285.486	-727
285.618	-1701
285.75	-878
285.882	540
286.013	152
286.145	-474
286.277	-182
286.409	56
286.541	64
286.673	-1167
286.804	-1338
286.936	-224
287.068	-1455
287.2	-1281
287.332	1009
287.463	-1879
287.595	-544
287.727	2104
287.859	-783
287.99	-980
288.122	-1361
288.254	-144
288.386	-1168
288.517	-1643
288.649	-1103
288.781	-484
288.913	-396
289.044	-1910
289.176	735
289.308	-1081
289.44	-1952
289.571	-1259
289.703	-1438
289.835	231
289.967	-1441
290.098	-1612
290.23	-1862
290.362	549
290.493	-1887
290.625	-1089
290.757	-1404
290.888	-1034
291.02	-349
291.152	-604
291.283	-368
291.415	-886
291.547	-1735
291.678	-1471
291.81	-394
291.942	1174
292.073	-286
292.205	-1530
292.337	-378
292.468	2712
292.6	-1150
292.732	2579
292.863	-1362
292.995	-1910
293.126	205
293.258	409
293.39	-1728
293.521	-1676
293.653	-1864
293.785	221
293.916	-1543
294.048	239
294.179	-160
294.311	-1518
294.442	218
294.574	-1688
294.706	-690
294.837	530
294.969	-561
295.1	-1021
295.232	-1613
295.363	810
295.495	-1535
295.627	36
295.758	748
295.89	-2034
296.021	18
296.153	248
296.284	-614
296.416	-906
296.547	-1129
296.679	-436
296.81	-546
296.942	-1986
297.073	-1713
297.205	-1572
297.336	-957
297.468	-1535
297.599	-755
297.731	-1859
297.862	-757
297.994	-1967
298.125	-1572
298.257	-812
298.388	-107
298.52	-347
298.651	-817
298.782	1266
298.914	-1114
299.045	-1024
299.177	-1994
299.308	-1859
299.44	-442
299.571	-648
299.702	-922
299.834	-425
299.965	-943
300.097	-1411
300.228	-667
300.36	-419
300.491	-566
300.622	-316
300.754	-879
300.885	-1235
301.017	-665
301.148	-1271
301.279	-1978
301.411	219
301.542	-433
301.673	-442
301.805	83
301.936	-1311
302.067	-972
302.199	-1109
302.33	-1649
302.461	1655
302.593	-310
302.724	-112
302.855	-1732
302.987	-693
303.118	-1762
303.249	-2137
303.381	-889
303.512	-1129
303.643	-1186
303.775	362
303.906	-1545
304.037	-1366
304.169	-1322
304.3	-1061
304.431	-1749
304.562	-1184
304.694	-839
304.825	-406
304.956	403
305.087	-1169
305.219	65
305.35	-529
305.481	-1196
305.612	-20
305.744	-99
305.875	-1106
306.006	2316
306.137	-1158
306.269	-316
306.4	-298
306.531	329
306.662	-879
306.794	398
306.925	-1015
307.056	-1642
307.187	-165
307.318	-793
307.45	-1056
307.581	-1719
307.712	-1442
307.843	-703
307.974	-545
308.105	243
308.237	207
308.368	-1759
308.499	-1115
308.63	-170
308.761	-739
308.892	-767
309.024	-1196
309.155	-1375
309.286	-1065
309.417	-1589
309.548	-1033
309.679	-952
309.81	-2154
309.941	2148
310.073	-221
310.204	-2186
310.335	-75
310.466	-1098
310.597	-1862
310.728	-1042
310.859	1597
310.99	1598
311.121	-729
311.252	-794
311.383	-1352
311.514	-112
311.646	-1027
311.777	-346
311.908	-631
312.039	-951
312.17	-2107
312.301	-1220
312.432	-1347
312.563	-1997
312.694	-1126
312.825	-937
312.956	-1209
313.087	75
313.218	-32
313.349	-994
313.48	-1974
313.611	-801
313.742	-633
313.873	117
314.004	-203
314.135	-1094
314.266	-743
314.397	-1249
314.528	-1564
314.659	-1667
314.79	-1585
314.921	-8
315.052	141
315.183	-1382
315.314	-1855
315.445	-227
315.576	-203
315.707	-903
315.838	-951
315.968	-660
316.099	-1715
316.23	-1961
316.361	131
316.492	-1109
316.623	447
316.754	563
316.885	-2102
317.016	-2061
317.147	-1964
317.278	-1
317.408	-1372
317.539	-1745
317.67	-1634
317.801	-444
317.932	-1170
318.063	-1453
318.194	-751
318.325	-512
318.455	-2280
318.586	-1275
318.717	617
318.848	-1776
318.979	-279
319.11	1111
319.24	114
319.371	288
319.502	-629
319.633	-1454
319.764	-519
319.895	-1403
320.025	-559
320.156	-2001
320.287	-2268
320.418	-1364
320.549	-515
320.679	-2071
320.81	415
320.941	-1857
321.072	-1815
321.202	-177
321.333	1121
321.464	-2141
321.595	-1406
321.726	548
321.856	-1925
321.987	-929
322.118	-1374
322.249	28
322.379	-200
322.51	-295
322.641	-730
322.771	-1997
322.902	-567
323.033	-665
323.164	3931
323.294	-1199
323.425	-1160
323.556	-1407
323.686	-907
323.817	1280
323.948	-232
324.078	-1094
324.209	675
324.34	-1317
324.47	1002
324.601	-1196
324.732	-744
324.862	-41
324.993	-1339
325.124	-2492
325.254	-770
325.385	-488
325.516	2893
325.646	1456
325.777	-1143
325.908	-1232
326.038	207
326.169	-1125
326.299	-341
326.43	494
326.561	-729
326.691	-655
326.822	-1747
326.952	-1471
327.083	-749
327.214	-1604
327.344	-708
327.475	-242
327.605	-326
327.736	-1294
327.867	-1774
327.997	-1100
328.128	-434
328.258	-1843
328.389	1129
328.519	-1895
328.65	8
328.78	-1342
328.911	-477
329.041	156
329.172	-1823
329.303	-1320
329.433	-854
329.564	-1741
329.694	-1639
329.825	-1339
329.955	-383
330.086	1983
330.216	-620
330.347	-1613
330.477	-842
330.608	-991
330.738	-719
330.868	-1726
330.999	-1082
331.129	352
331.26	-1233
331.39	-1275
331.521	265
331.651	-263
331.782	-1958
331.912	-1843
332.043	-1601
332.173	-65
332.303	-1825
332.434	477
332.564	-370
332.695	-1422
332.825	-1912
332.956	-1431
333.086	-818
333.216	-1607
333.347	-195
333.477	-2295
333.608	-620
333.738	-279
333.868	-748
333.999	-592
334.129	289
334.259	-679
334.39	-1279
334.52	344
334.65	-1131
334.781	336
334.911	-1110
335.042	-1584
335.172	-291
335.302	-916
335.433	1362
335.563	-1478
335.693	-471
335.824	696
335.954	-1944
336.084	-316
336.214	-635
336.345	1414
336.475	464
336.605	-1662
336.736	1534
336.866	-989
336.996	-1036
337.126	-1710
337.257	-716
337.387	-2107
337.517	-1228
337.648	-1906
337.778	568
337.908	-298
338.038	306
338.169	-976
338.299	943
338.429	-660
338.559	-1274
338.69	-1011
338.82	1965
338.95	-463
339.08	-2307
339.21	-1891
339.341	-704
339.471	-66
339.601	-620
339.731	-526
339.861	-1070
339.992	-1083
340.122	-726
340.252	-1204
340.382	-1136
340.512	-809
340.642	850
340.773	-796
340.903	-1734
341.033	-831
341.163	-146
341.293	302
341.423	-1355
341.554	-1810
341.684	-400
341.814	-766
341.944	-1023
342.074	-652
342.204	-1070
342.334	1009
342.464	-1799
342.595	-964
342.725	-1713
342.855	-339
342.985	-1226
343.115	-1610
343.245	-1963
343.375	-134
343.505	-1059
343.635	-114
343.765	-1385
343.895	-2071
344.025	-18
344.155	-2010
344.286	-1113
344.416	-733
344.546	609
344.676	-745
344.806	590
344.936	-392
345.066	926
345.196	-1788
345.326	-1884
345.456	527
345.586	-1264
345.716	-1648
345.846	251
345.976	-2040
346.106	-849
346.236	-437
346.366	161
346.496	-711
346.626	-939
346.756	-1339
346.886	-1189
347.016	-1845
347.146	-1255
347.276	-1642
347.406	-999
347.536	-271
347.666	141
347.795	-1558
347.925	-803
348.055	420
348.185	-1002
348.315	-1307
348.445	644
348.575	-884
348.705	-1298
348.835	-1103
348.965	139
349.095	1876
349.225	4143
349.354	2696
349.484	4724
349.614	5671
349.744	5858
349.874	6099
350.004	5934
350.134	5823
350.264	4676
350.393	2741
350.523	3413
350.653	-629
350.783	487
350.913	807
351.043	-1073
351.173	-1106
351.302	-415
351.432	936
351.562	-480
351.692	-628
351.822	-956
351.951	-2131
352.081	914
352.211	-593
352.341	925
352.471	637
352.6	-752
352.73	-1373
352.86	-930
352.99	-391
353.12	-532
353.249	-322
353.379	-1548
353.509	306
353.639	-1598
353.768	-685
353.898	-1333
354.028	-1799
354.158	-1143
354.287	-1207
354.417	-1731
354.547	-1585
354.677	-1927
354.806	-1124
354.936	-255
355.066	-1489
355.195	-261
355.325	-445
355.455	-1563
355.584	775
355.714	-1270
355.844	566
355.974	-85
356.103	-1071
356.233	-882
356.363	-29
356.492	-1661
356.622	-1808
356.752	-430
356.881	-2198
357.011	218
357.14	458
357.27	-751
357.4	150
357.529	-1244
357.659	418
357.789	1
357.918	-1744
358.048	-1868
358.177	-1135
358.307	-1418
358.437	-534
358.566	-1306
358.696	215
358.825	583
358.955	-1831
359.085	-250
359.214	-2393
359.344	-586
359.473	-1492
359.603	-1234
359.733	-1360
359.862	-1703
359.992	180
360.121	-1270
360.251	-237
360.38	-1871
360.51	162
360.639	-981
360.769	-696
360.898	545
361.028	301
361.157	-827
361.287	-547
361.416	-1312
361.546	-1010
361.675	-975
361.805	-1277
361.934	102
362.064	-902
362.193	-1275
362.323	-1671
362.452	536
362.582	-1684
362.711	-698
362.841	192
362.97	-85
363.1	-1567
363.229	-1773
363.359	-1014
363.488	-1116
363.617	-714
363.747	-695
363.876	-2315
364.006	-62
364.135	-715
364.265	-1185
364.394	-1010
364.523	1288
364.653	-1469
364.782	-426
364.912	-1647
365.041	-1432
365.17	-1683
365.3	-411
365.429	561
365.558	-965
365.688	-1589
365.817	-2027
365.947	-591
366.076	-572
366.205	-583
366.335	-2045
366.464	-1836
366.593	504
366.723	-924
366.852	-1141
366.981	-601
367.111	-1746
367.24	-1041
367.369	-983
367.499	2787
367.628	538
367.757	-1112
367.886	-284
368.016	78
368.145	-797
368.274	-566
368.404	-1664
368.533	-783
368.662	-287
368.791	-1182
368.921	-2307
369.05	431
369.179	-566
369.308	1549
369.438	-2042
369.567	-2218
369.696	-744
369.825	-191
369.955	-1315
370.084	-430
370.213	-610
370.342	-1744
370.472	-1794
370.601	2192
370.73	121
370.859	-2332
370.988	-1198
371.118	-1866
371.247	-22
371.376	642
371.505	-597
371.634	-550
371.763	-601
371.893	-1665
372.022	-1050
372.151	-1636
372.28	-1909
372.409	-2388
372.538	-1184
372.667	-692
372.797	523
372.926	-2090
373.055	-618
373.184	-965
373.313	-1518
373.442	-503
373.571	-1529
373.7	-975
373.83	-439
373.959	-2408
374.088	-1159
374.217	174
374.346	-1045
374.475	-2285
374.604	-1421
374.733	825
374.862	-554
374.991	-1579
375.12	-503
375.249	-643
375.378	-1504
375.508	-1679
375.637	-1761
375.766	-31
375.895	-1096
376.024	375
376.153	-1486
376.282	-976
376.411	-1396
376.54	-2361
376.669	-549
376.798	-1129
376.927	-1773
377.056	396
377.185	-794
377.314	57
377.443	1444
377.572	-1708
377.701	-1406
377.83	421
377.959	-274
378.088	8579
378.217	328
378.346	-1289
378.474	-1918
378.603	-1771
378.732	-315
378.861	-1284
378.99	-1354
379.119	-2220
379.248	-703
379.377	-917
379.506	-960
379.635	227
379.764	-905
379.893	-1819
380.022	-1906
380.15	-892
380.279	-2165
380.408	-1629
380.537	-844
380.666	-266
380.795	-570
380.924	-1086
381.053	-1271
381.181	-687
381.31	4024
381.439	-1825
381.568	-899
381.697	-1024
381.826	-886
381.955	-1803
382.083	-770
382.212	-1821
382.341	-372
382.47	-1632
382.599	-623
382.727	1392
382.856	-530
382.985	-543
383.114	-1119
383.243	-1526
383.371	-803
383.5	-1661
383.629	-1585
383.758	-1513
383.887	-2344
384.015	-662
384.144	-1544
384.273	-815
384.402	-472
384.53	-1545
384.659	-1455
384.788	-1619
384.917	-1502
385.045	-908
385.174	-837
385.303	-2283
385.432	290
385.56	-931
385.689	-921
385.818	-646
385.946	-473
386.075	-1604
386.204	-1605
386.332	-858
386.461	-127
386.59	-98
386.718	-1799
386.847	-1905
386.976	-1220
387.104	-2222
387.233	-1811
387.362	-643
387.49	-548
387.619	-1772
387.748	-814
387.876	552
388.005	-741
388.134	17
388.262	-1619
388.391	-1470
388.52	-368
388.648	-1929
388.777	267
388.905	-1315
389.034	-1193
389.163	-1597
389.291	-779
389.42	-70
389.548	272
389.677	-733
389.805	-665
389.934	-60
390.063	-1834
390.191	-2124
390.32	-1421
390.448	-845
390.577	-1743
390.705	-1944
390.834	-879
390.962	-1898
391.091	-1783
391.22	-47
391.348	572
391.477	-305
391.605	-2073
391.734	-1667
391.862	-1303
391.991	-1887
392.119	-1818
392.248	-1125
392.376	-430
392.505	-934
392.633	-1577
392.762	1116
392.89	-1625
393.018	174
393.147	-1460
393.275	-2195
393.404	-1632
393.532	-1418
393.661	-898
393.789	-558
393.918	-576
394.046	-912
394.174	-839
394.303	-2104
394.431	-1338
394.56	-66
394.688	-2203
394.817	-2451
394.945	563
395.073	81
395.202	-477
395.33	-1235
395.459	-780
395.587	192
395.715	199
395.844	-1029
395.972	-2138
396.1	371
396.229	-1641
396.357	-563
396.485	-1145
396.614	-1813
396.742	132
396.87	-985
396.999	-324
397.127	-1885
397.255	-758
397.384	-285
397.512	-2086
397.64	-1596
397.769	-1067
397.897	-517
398.025	-708
398.154	-593
398.282	593
398.41	-675
398.538	-621
398.667	-1548
398.795	-1404
398.923	-219
399.052	-1048
399.18	-262
399.308	-977
399.436	719
399.565	-1738
399.693	-560
399.821	-1010
399.949	-1338
400.078	1750
400.206	-1867
400.334	-1883
400.462	-1327
400.59	-1906
400.719	-1354
400.847	-1471
400.975	-499
401.103	-1490
401.231	-881
401.36	-775
401.488	-66
401.616	-1066
401.744	-1073
401.872	-1573
402	-395
402.129	-1351
402.257	-1560
402.385	-1121
402.513	-1037
402.641	-1058
402.769	-1080
402.897	-1460
403.026	-2306
403.154	-2130
403.282	-1766
403.41	-1119
403.538	669
403.666	-1964
403.794	-1102
403.922	-843
404.05	-617
404.179	-1071
404.307	-808
404.435	-1627
404.563	-1870
404.691	-2073
404.819	2381
404.947	-1741
405.075	-1692
405.203	-1924
405.331	-1758
405.459	-2020
405.587	-649
405.715	-1494
405.843	-1455
405.971	-687
406.099	417
406.227	-256
406.355	-1221
406.483	-2170
406.611	-655
406.739	-1684
406.867	-1988
406.995	-1296
407.123	-1127
407.251	-2226
407.379	-1851
407.507	-464
407.635	-1206
407.763	-2352
407.891	-1557
408.019	-69
408.147	-187
408.275	949
408.403	-1999
408.531	-2053
408.659	749
408.787	-824
408.915	-1338
409.043	-1401
409.171	87
409.299	-112
409.427	368
409.554	-2225
409.682	1349
409.81	-690
409.938	-1512
410.066	231
410.194	-651
410.322	-1768
410.45	-1188
410.578	-2205
410.705	-1896
410.833	-773
410.961	322
411.089	1416
411.217	-953
411.345	-1079
411.473	-1787
411.6	-806
411.728	-1260
411.856	-1804
411.984	-1843
412.112	-579
412.239	-778
412.367	-1208
412.495	325
412.623	-1512
412.751	-120
412.878	-1943
413.006	-977
413.134	197
413.262	283
413.39	-329
413.517	-594
413.645	6
413.773	-2013
413.901	1061
414.028	-1169
414.156	-804
414.284	-1629
414.412	69
414.539	-1486
414.667	-1505
414.795	-1741
414.923	-2195
415.05	-1411
415.178	-368
415.306	1711
415.433	-1546
415.561	55
415.689	0
415.816	-1524
415.944	872
416.072	-1921
416.2	-81
416.327	1117
416.455	-1637
416.583	-1364
416.71	-1446
416.838	314
416.966	-1893
417.093	-1172
417.221	100
417.348	-627
417.476	-1983
417.604	-1179
417.731	-1007
417.859	-35
417.987	-614
418.114	-1722
418.242	335
418.369	-1376
418.497	-2102
418.625	177
418.752	-860
418.88	-1905
419.007	549
419.135	-974
419.263	-1571
419.39	-590
419.518	-460
419.645	-1545
419.773	-1213
419.9	-1475
420.028	2857
420.155	-1810
420.283	239
420.41	-490
420.538	-863
420.666	-1330
420.793	-1085
420.921	-1377
421.048	-357
421.176	20
421.303	-966
421.431	-1806
421.558	-2190
421.686	190
421.813	-381
421.941	-1569
422.068	-692
422.195	132
422.323	-129
422.45	-2344
422.578	-766
422.705	-1700
422.833	-913
422.96	-1867
423.088	-295
423.215	1538
423.343	1475
423.47	-553
423.597	888
423.725	-1043
423.852	-972
423.98	-642
424.107	-2041
424.234	-1009
424.362	-1615
424.489	-1477
424.617	2946
424.744	-525
424.871	-1882
424.999	-1288
425.126	277
425.253	-615
425.381	-1545
425.508	-2014
425.636	169
425.763	-1185
425.89	-1431
426.018	-1944
426.145	-1207
426.272	-805
426.4	-129
426.527	245
426.654	-1584
426.781	-420
426.909	-593
427.036	-731
427.163	-2187
427.291	-1795
427.418	-1082
427.545	-956
427.673	-1957
427.8	-2273
427.927	-1663
428.054	-478
428.182	-1255
428.309	-1220
428.436	-1455
428.563	-2006
428.691	-325
428.818	-1301
428.945	-228
429.072	-2073
429.2	-164
429.327	-719
429.454	232
429.581	-1029
429.708	-2090
429.836	-1705
429.963	-1351
430.09	-1462
430.217	-1378
430.344	-1857
430.472	-1433
430.599	-633
430.726	-1311
430.853	-1081
430.98	-267
431.107	-1927
431.235	-681
431.362	-586
431.489	-1169
431.616	1011
431.743	389
431.87	-2317
431.997	-1166
432.125	-1065
432.252	-2503
432.379	-1291
432.506	-744
432.633	-1885
432.76	-716
432.887	426
433.014	-1111
433.141	-1796
433.268	125
433.395	-1541
433.523	-1463
433.65	-1073
433.777	-983
433.904	-1173
434.031	-2082
434.158	-838
434.285	67
434.412	-2396
434.539	-1024
434.666	-1947
434.793	-1744
434.92	-1949
435.047	-350
435.174	-1071
435.301	-76
435.428	1031
435.555	898
435.682	-414
435.809	-2008
435.936	478
436.063	-1617
436.19	500
436.317	-1415
436.444	96
436.571	-1797
436.698	-480
436.825	229
436.952	-482
437.079	-617
437.206	-160
437.333	-1696
437.46	-1253
437.587	-930
437.714	-1881
437.84	-936
437.967	-2031
438.094	-2144
438.221	192
438.348	-826
438.475	11207
438.602	-1736
438.729	11339
438.856	-1365
438.983	1348
439.109	-382
439.236	603
439.363	-2494
439.49	-1392
439.617	-886
439.744	-1434
439.871	1922
439.997	-1566
440.124	-1120
440.251	-307
440.378	-1445
440.505	-1411
440.632	329
440.758	416
440.885	1066
441.012	-1529
441.139	-41
441.266	-1869
441.392	-970
441.519	-1782
441.646	-2128
441.773	-580
441.9	981
442.026	-1134
442.153	-664
442.28	-327
442.407	-1856
442.533	28
442.66	-682
442.787	-942
442.914	-1723
443.04	-1361
443.167	-1115
443.294	-918
443.421	-387
443.547	-1762
443.674	-1128
443.801	-543
443.927	210
444.054	1429
444.181	-44
444.307	314
444.434	-197
444.561	-1714
444.688	-2140
444.814	-221
444.941	-976
445.068	-1769
445.194	1088
445.321	-1704
445.447	1186
445.574	-2332
445.701	-2322
445.827	-1270
445.954	-2208
446.081	46
446.207	-1818
446.334	-1082
446.461	-1034
446.587	-2219
446.714	-87
446.84	-159
446.967	-1248
447.094	-1170
447.22	-55
447.347	-1015
447.473	-1173
447.6	-564
447.726	-2321
447.853	-1067
447.98	-699
448.106	-450
448.233	-993
448.359	-1543
448.486	-335
448.612	-1242
448.739	-576
448.865	162
448.992	807
449.118	-1101
449.245	-1992
449.371	-2028
449.498	-534
449.624	-115
449.751	-721
449.877	-1616
450.004	-634
450.13	-601
450.257	-1790
450.383	-1230
450.51	-1910
450.636	-1483
450.763	-1007
450.889	-1552
451.016	-2111
451.142	-423
451.269	-1643
451.395	1040
451.521	-734
451.648	-1418
451.774	-935
451.901	-2277
452.027	-655
452.154	465
452.28	-1412
452.406	-1761
452.533	-1538
452.659	-1800
452.785	-1114
452.912	-2026
453.038	-1713
453.165	-129
453.291	458
453.417	450
453.544	-1490
453.67	-1230
453.796	631
453.923	-1846
454.049	-1281
454.175	-1395
454.302	-1546
454.428	-656
454.554	-328
454.681	-1376
454.807	-1755
454.933	1305
455.06	-411
455.186	-956
455.312	230
455.439	-66
455.565	-1546
455.691	-1837
455.817	-90
455.944	121
456.07	-721
456.196	-190
456.322	-2249
456.449	-2331
456.575	-504
456.701	-1402
456.827	-1616
456.954	-2109
457.08	-1516
457.206	-2348
457.332	-1013
457.459	-2196
457.585	-1492
457.711	-1348
457.837	-311
457.963	-811
458.09	-1704
458.216	-1697
458.342	-985
458.468	-1444
458.594	-937
458.721	-841
458.847	-763
458.973	-2107
459.099	-1002
459.225	-896
459.351	-1468
459.477	-703
459.604	-1708
459.73	-1212
459.856	-1768
459.982	-984
460.108	-2175
460.234	-2229
460.36	-1396
460.486	-348
460.613	-1616
460.739	202
460.865	-1346
460.991	863
461.117	1245
461.243	-1599
461.369	-1950
461.495	-1349
461.621	-653
461.747	-284
461.873	-195
461.999	-1767
462.125	-1013
462.252	105
462.378	-674
462.504	-601
462.63	-370
462.756	-1672
462.882	-1539
463.008	-1584
463.134	-21
463.26	-2091
463.386	-1313
463.512	-804
463.638	-1323
463.764	-1788
463.89	-1366
464.016	130
464.142	-56
464.268	-1615
464.394	-1446
464.52	-2059
464.645	-317
464.771	377
464.897	-1528
465.023	-1707
465.149	-536
465.275	-2006
465.401	-1751
465.527	438
465.653	-467
465.779	391
465.905	-1866
466.031	-816
466.157	-1503
466.282	-1062
466.408	-1676
466.534	-916
466.66	-2157
466.786	-1021
466.912	-837
467.038	-1180
467.164	-1045
467.289	-1310
467.415	-1167
467.541	-1198
467.667	-835
467.793	-1149
467.919	-577
468.045	-278
468.17	-1527
468.296	-909
468.422	-1347
468.548	-90
468.674	-2078
468.799	-1602
468.925	-1420
469.051	-1855
469.177	-2096
469.303	-1931
469.428	-66
469.554	-1772
469.68	-1433
469.806	-284
469.931	-920
470.057	1990
470.183	-2382
470.309	-1288
470.434	477
470.56	-1315
470.686	-491
470.812	-929
470.937	-1859
471.063	-1820
471.189	-344
471.315	300
471.44	-976
471.566	-1363
471.692	325
471.817	-1501
471.943	-1007
472.069	-446
472.194	-1103
472.32	-1456
472.446	-199
472.571	-1998
472.697	-1239
472.823	-615
472.948	-2026
473.074	-958
473.2	-813
473.325	-1877
473.451	-1218
473.577	-1149
473.702	-2209
473.828	-1149
473.953	-2191
474.079	-998
474.205	-1845
474.33	-1873
474.456	-1338
474.581	765
474.707	-1184
474.833	-1294
474.958	-657
475.084	-154
475.209	-1248
475.335	-1730
475.46	-791
475.586	-1730
475.712	-515
475.837	-1282
475.963	-1489
476.088	-2285
476.214	-1433
476.339	-1327
476.465	-1676
476.59	-2199
476.716	481
476.841	-1986
476.967	683
477.092	-1223
477.218	-424
477.343	-1712
477.469	326
477.594	-1743
477.72	-1740
477.845	-474
477.971	-1543
478.096	-998
478.222	-1226
478.347	11043
478.472	-351
478.598	-1452
478.723	-1190
478.849	-22
478.974	-674
479.1	-1891
479.225	-477
479.35	-1195
479.476	-457
479.601	-1650
479.727	12
479.852	-1427
479.977	-910
480.103	-986
480.228	877
480.354	-1090
480.479	16
480.604	-1581
480.73	-1213
480.855	-2204
480.98	-24
481.106	-2263
481.231	-1859
481.356	-1608
481.482	-2295
481.607	-1900
481.732	-2432
481.858	-1046
481.983	-2093
482.108	-1695
482.234	-2175
482.359	-1430
482.484	333
482.61	-1683
482.735	-626
482.86	-2238
482.985	-1531
483.111	-1268
483.236	-350
483.361	-1343
483.486	-1700
483.612	-45
483.737	-2182
483.862	-1067
483.987	-622
484.113	-2522
484.238	-236
484.363	-1922
484.488	-1280
484.614	-200
484.739	-1082
484.864	182
484.989	2112
485.114	-680
485.24	-896
485.365	-1313
485.49	-2298
485.615	-277
485.74	-1124
485.865	-592
485.991	-976
486.116	-726
486.241	-2072
486.366	-1898
486.491	-605
486.616	-2009
486.742	-1146
486.867	-1089
486.992	-1956
487.117	-1866
487.242	-1494
487.367	-2287
487.492	-1459
487.617	-411
487.742	-798
487.868	-1568
487.993	-426
488.118	-987
488.243	-570
488.368	-1431
488.493	-2476
488.618	-1518
488.743	-1226
488.868	-1807
488.993	-1270
489.118	-194
489.243	-820
489.368	-1370
489.493	-186
489.618	-973
489.743	-1906
489.868	-869
489.993	-1781
490.118	-2460
490.243	1994
490.368	-1440
490.493	-652
490.618	-185
490.743	-2339
490.868	-1057
490.993	-1109
491.118	-270
491.243	-1861
491.368	-1823
491.493	-590
491.618	-1325
491.743	-1232
491.868	-1653
491.993	-1073
492.118	-1901
492.243	-665
492.368	-604
492.493	-1662
492.618	134
492.743	-1237
492.867	-38
492.992	-1180
493.117	-285
493.242	-1455
493.367	-1330
493.492	247
493.617	-1861
493.742	412
493.867	-1081
493.991	-2362
494.116	-1139
494.241	-802
494.366	-1222
494.491	-370
494.616	-3
494.74	-1593
494.865	-2036
494.99	-1647
495.115	-1377
495.24	-889
495.365	-1346
495.489	-1528
495.614	-819
495.739	-1105
495.864	-1693
495.989	-2243
496.113	-152
496.238	-907
496.363	-1603
496.488	-1747
496.612	-402
496.737	-1448
496.862	-1183
496.987	-1434
497.111	-2077
497.236	-1782
497.361	-1699
497.486	242
497.61	-157
497.735	-1102
497.86	-444
497.984	-484
498.109	-2406
498.234	-1628
498.359	-1606
498.483	-1089
498.608	-1243
498.733	-1305
498.857	-1911
498.982	-1034
499.107	-2325
499.231	-1053
499.356	-1495
499.481	422
499.605	-2655
499.73	-1822
499.855	310
499.979	-1889
500.104	-1208
500.228	535
500.353	-1167
500.478	-2184
500.602	-657
500.727	521
500.852	-391
500.976	-2450
501.101	-1578
501.225	993
501.35	-1945
501.474	-1804
501.599	-151
501.724	-1384
501.848	-1182
501.973	-74
502.097	-2098
502.222	-2405
502.346	29
502.471	-583
502.595	-1834
502.72	-2057
502.844	-1936
502.969	-1362
503.094	551
503.218	-2015
503.343	-1641
503.467	-1686
503.592	-1459
503.716	-1293
503.841	-709
503.965	904
504.089	-1501
504.214	-2004
504.338	-1321
504.463	-728
504.587	-1153
504.712	-733
504.836	-1194
504.961	1498
505.085	414
505.21	-1627
505.334	-1667
505.458	845
505.583	-2081
505.707	-542
505.832	-1451
505.956	-893
506.08	-1861
506.205	-1456
506.329	184
506.454	-2155
506.578	-893
506.702	-1772
506.827	345
506.951	-769
507.076	-1255
507.2	-1914
507.324	-553
507.449	-103
507.573	-1014
507.697	-1374
507.822	-978
507.946	-1358
508.07	-2295
508.195	-1096
508.319	-1342
508.443	-1109
508.567	-2358
508.692	-2060
508.816	-1696
508.94	-1338
509.065	-2470
509.189	-532
509.313	-658
509.437	-199
509.562	-1182
509.686	-636
509.81	-1058
509.935	-531
510.059	-86
510.183	-1692
510.307	-2226
510.431	-339
510.556	-1233
510.68	-1451
510.804	-2403
510.928	-1178
511.053	-2150
511.177	-2052
511.301	-1066
511.425	-1604
511.549	-1029
511.674	-808
511.798	-917
511.922	-563
512.046	494
512.17	-1422
512.294	-2106
512.419	-968
512.543	-588
512.667	-1350
512.791	-1911
512.915	-551
513.039	-1418
513.163	-228
513.288	753
513.412	-1483
513.536	0
513.66	-1684
513.784	-1044
513.908	-783
514.032	-1074
514.156	71
514.28	-641
514.404	-1436
514.528	-1214
514.653	-312
514.777	-101
514.901	-678
515.025	-124
515.149	-1373
515.273	-728
515.397	-1404
515.521	-1277
515.645	-1173
515.769	-1782
515.893	-1631
516.017	-1689
516.141	-2237
516.265	-1572
516.389	-1782
516.513	-1197
516.637	-1706
516.761	-2698
516.885	-1878
517.009	-1328
517.133	-1323
517.257	-1436
517.381	-276
517.505	-161
517.629	433
517.753	-1437
517.877	-2230
518.001	-1696
518.125	-1193
518.248	-302
518.372	-1225
518.496	-2405
518.62	-430
518.744	-1024
518.868	-977
518.992	-1062
519.116	-1748
519.24	2178
519.364	-34
519.488	-1082
519.611	-2143
519.735	-1262
519.859	-1389
519.983	-588
520.107	-1104
520.231	-190
520.355	-1300
520.478	-2092
520.602	-1979
520.726	280
520.85	-1303
520.974	-104
521.098	-1402
521.221	-2006
521.345	-7
521.469	-1840
521.593	-1050
521.717	232
521.84	-1270
521.964	-1926
522.088	-1425
522.212	-1569
522.335	-2161
522.459	-1893
522.583	1346
522.707	-1878
522.83	-2606
522.954	-1711
523.078	-1497
523.202	-120
523.325	-1728
523.449	-990
523.573	-997
523.697	-1759
523.82	-1026
523.944	-1670
524.068	-1043
524.191	-1292
524.315	-2350
524.439	-951
524.562	-131
524.686	-1509
524.81	-1873
524.933	-1865
525.057	-1489
525.181	-636
525.304	-2190
525.428	202
525.552	-1969
525.675	-1328
525.799	-2002
525.923	-1060
526.046	-453
526.17	-2226
526.293	-2189
526.417	-1250
526.541	-181
526.664	-1440
526.788	-1491
526.911	-854
527.035	-1860
527.159	-1405
527.282	-1606
527.406	-1787
527.529	-352
527.653	-2006
527.776	-900
527.9	-1958
528.024	-1650
528.147	-1334
528.271	-165
528.394	-334
528.518	-56
528.641	-1961
528.765	-889
528.888	-1151
529.012	-394
529.135	-1244
529.259	74
529.382	-1575
529.506	-1794
529.629	-1094
529.753	-2117
529.876	190
530	224
530.123	-712
530.247	-1956
530.37	-1606
530.493	-961
530.617	-1989
530.74	-37
530.864	-648
530.987	-2099
531.111	-588
531.234	-2044
531.357	-592
531.481	-375
531.604	-80
531.728	-2393
531.851	-1070
531.974	-831
532.098	-1351
532.221	-1922
532.345	-1440
532.468	-1902
532.591	578
532.715	-1360
532.838	-1450
532.961	-1125
533.085	-1837
533.208	-1054
533.331	-2539
533.455	183
533.578	-1302
533.701	-780
533.825	-484
533.948	-1444
534.071	-1562
534.195	-373
534.318	-2198
534.441	-1362
534.564	-854
534.688	-1833
534.811	-543
534.934	-1218
535.058	-866
535.181	136
535.304	-633
535.427	-1847
535.551	-2196
535.674	-1344
535.797	-651
535.92	-244
536.043	-2139
536.167	-2206
536.29	-778
536.413	-773
536.536	-1863
536.66	-1576
536.783	-1022
536.906	-744
537.029	-1583
537.152	-1663
537.275	-1207
537.399	422
537.522	-2441
537.645	-1480
537.768	-1696
537.891	-599
538.014	-1294
538.138	-1757
538.261	-1569
538.384	-1147
538.507	-1805
538.63	-1793
538.753	152
538.876	-958
538.999	-1923
539.123	-556
539.246	575
539.369	886
539.492	-1773
539.615	-2241
539.738	427
539.861	-1652
539.984	-1048
540.107	-921
540.23	-1865
540.353	-1702
540.476	-2549
540.599	-403
540.722	-2030
540.846	-723
540.969	-2212
541.092	-917
541.215	-2186
541.338	-737
541.461	-1851
541.584	-1220
541.707	-1223
541.83	-1523
541.953	-711
542.076	-1295
542.199	-1071
542.322	70
542.445	643
542.567	-1328
542.69	-938
542.813	-1148
542.936	-522
543.059	-1343
543.182	846
543.305	381
543.428	-1060
543.551	-1463
543.674	85
543.797	-340
543.92	-1346
544.043	872
544.166	-2163
544.288	-1360
544.411	-566
544.534	-2082
544.657	-930
544.78	-1160
544.903	-575
545.026	-1424
545.149	-2110
545.271	-1930
545.394	-1684
545.517	-2385
545.64	1858
545.763	-1296
545.886	-1545
546.008	-779
546.131	-394
546.254	-1329
546.377	-2264
546.5	-836
546.623	-898
546.745	-1974
546.868	-1178
546.991	-200
547.114	-1152
547.236	-920
547.359	-1884
547.482	-1224
547.605	-2023
547.728	-1226
547.85	-1984
547.973	-1749
548.096	-1593
548.219	-602
548.341	-1160
548.464	-2422
548.587	-1266
548.709	-1489
548.832	-952
548.955	1039
549.078	-90
549.2	-1511
549.323	-1315
549.446	241
549.568	-1280
549.691	-401
549.814	-243
549.936	-1560
550.059	-1624
550.182	-1824
550.304	-2258
550.427	-1306
550.55	-1784
550.672	-1468
550.795	1194
550.917	-1821
551.04	-1470
551.163	-610
551.285	361
551.408	-416
551.531	1335
551.653	-1888
551.776	-1042
551.898	-901
552.021	-940
552.143	-1130
552.266	-1046
552.389	-1426
552.511	-2191
552.634	-1946
552.756	-1915
552.879	1088
553.001	-136
553.124	-2025
553.246	-1681
553.369	-34
553.492	-1422
553.614	271
553.737	-2585
553.859	-589
553.982	-335
554.104	-668
554.227	-1773
554.349	-1451
554.472	-1531
554.594	-2375
554.716	132
554.839	-665
554.961	-994
555.084	-1621
555.206	-993
555.329	-2408
555.451	-2218
555.574	-765
555.696	-1885
555.819	-1278
555.941	-1106
556.063	-320
556.186	-1151
556.308	-744
556.431	633
556.553	-194
556.675	-1554
556.798	-1534
556.92	-437
557.043	-1375
557.165	-1912
557.287	-729
557.41	-1426
557.532	-956
557.654	-1423
557.777	-474
557.899	-1285
558.021	-903
558.144	431
558.266	-61
558.388	1079
558.511	-818
558.633	-1250
558.755	-1702
558.878	-2012
559	-116
559.122	-2301
559.244	-1765
559.367	-1570
559.489	323
559.611	352
559.734	-1263
559.856	-1024
559.978	-737
560.1	-934
560.223	-1171
560.345	-371
560.467	-1824
560.589	-1398
560.712	-1719
560.834	721
560.956	-1963
561.078	-1099
561.2	-1190
561.323	142
561.445	-2077
561.567	-1427
561.689	-2137
561.811	-918
561.934	-1072
562.056	-1199
562.178	-710
562.3	-1560
562.422	-706
562.544	-818
562.666	-608
562.789	-905
562.911	-850
563.033	-51
563.155	-694
563.277	-1789
563.399	-2057
563.521	-1339
563.643	-1960
563.766	-1243
563.888	-20
564.01	-661
564.132	-2129
564.254	-2199
564.376	287
564.498	-905
564.62	207
564.742	-1340
564.864	-1871
564.986	-774
565.108	1112
565.23	-1708
565.352	-86
565.474	-573
565.597	375
565.719	96
565.841	-1892
565.963	-1169
566.085	-1108
566.207	-1423
566.329	150
566.451	218
566.573	-1703
566.695	-1660
566.817	1054
566.938	-1739
567.06	-1382
567.182	-1116
567.304	-951
567.426	-1814
567.548	-47
567.67	-867
567.792	-1132
567.914	-1620
568.036	-1411
568.158	-922
568.28	-1682
568.402	-540
568.524	-1441
568.646	-1960
568.767	-1241
568.889	-283
569.011	-1552
569.133	-1730
569.255	-2145
569.377	-1890
569.499	-1023
569.621	-1923
569.742	1397
569.864	-371
569.986	1375
570.108	-555
570.23	-1832
570.352	470
570.473	-1054
570.595	-1423
570.717	-1827
570.839	-637
570.961	-316
571.082	-1418
571.204	-1575
571.326	-1723
571.448	-438
571.57	-486
571.691	-783
571.813	-715
571.935	-204
572.057	-1246
572.178	-1796
572.3	667
572.422	275
572.544	431
572.665	-1390
572.787	-1951
572.909	370
573.031	-785
573.152	-1886
573.274	-393
573.396	-790
573.517	-364
573.639	-2063
573.761	-1589
573.882	-1169
574.004	-689
574.126	-1443
574.247	-126
574.369	-348
574.491	-1280
574.612	-1619
574.734	-829
574.856	-1155
574.977	-914
575.099	-458
575.221	-697
575.342	-1470
575.464	-1050
575.585	-203
575.707	-1753
575.829	121
575.95	10
576.072	-1288
576.193	-1676
576.315	-1531
576.437	-1325
576.558	-794
576.68	-1107
576.801	39
576.923	-2141
577.044	263
577.166	-2056
577.287	-1266
577.409	-1530
577.531	-714
577.652	-279
577.774	-2272
577.895	-1162
578.017	-1466
578.138	-1579
578.26	-1420
578.381	-725
578.503	-1445
578.624	-1354
578.746	-2414
578.867	-1322
578.988	-441
579.11	697
579.231	-816
579.353	-1858
579.474	-742
579.596	-1155
579.717	-205
579.839	-1291
579.96	-2075
580.081	-365
580.203	-1572
580.324	-1065
580.446	-112
580.567	-630
580.688	384
580.81	-2152
580.931	-1238
581.053	-1997
581.174	-1040
581.295	-2002
581.417	-144
581.538	-123
581.659	-500
581.781	-1337
581.902	-1310
582.024	-1791
582.145	-1892
582.266	-2055
582.388	-827
582.509	-1805
582.63	-952
582.751	-1659
582.873	-907
582.994	-1307
583.115	-1399
583.237	-1035
583.358	-1420
583.479	-2222
583.6	-359
583.722	-1393
583.843	-1951
583.964	-213
584.086	-1580
584.207	-917
584.328	-1891
584.449	-398
584.57	-1004
584.692	-1235
584.813	4626
584.934	-801
585.055	-2010
585.177	-543
585.298	-798
585.419	-1835
585.54	618
585.661	-722
585.783	-475
585.904	-1528
586.025	-224
586.146	-2014
586.267	-1171
586.388	-1544
586.51	1034
586.631	-2191
586.752	-1652
586.873	-1233
586.994	-2204
587.115	-2115
587.236	-1223
587.357	-2128
587.479	-1952
587.6	207
587.721	-999
587.842	-1668
587.963	634
588.084	-55
588.205	-1787
588.326	-947
588.447	-1233
588.568	-1551
588.689	-684
588.81	-657
588.931	-1428
589.052	-1938
589.174	-1432
589.295	-546
589.416	-954
589.537	-216
589.658	-1314
589.779	-2228
589.9	-170
590.021	-1841
590.142	-1500
590.263	-1830
590.384	-1212
590.505	881
590.626	-1722
590.747	-798
590.867	-892
590.988	-826
591.109	-1202
591.23	463
591.351	-385
591.472	-1600
591.593	-1225
591.714	-621
591.835	-1466
591.956	-1731
592.077	-2204
592.198	-1197
592.319	-1139
592.44	-518
592.56	-1508
592.681	-2065
592.802	-576
592.923	-1434
593.044	-1283
593.165	-1782
593.286	-878
593.407	-2028
593.527	-28
593.648	-1775
593.769	-646
593.89	326
594.011	-1104
594.132	-1281
594.252	-537
594.373	-2019
594.494	-2119
594.615	-1029
594.736	-1374
594.856	-40
594.977	-1675
595.098	-810
595.219	-2038
595.34	-1005
595.46	-1771
595.581	1111
595.702	-1198
595.823	-1890
595.943	-250
596.064	-1049
596.185	209
596.306	-2441
596.426	-1641
596.547	-1929
596.668	-898
596.788	-1033
596.909	-715
597.03	-624
597.151	-1250
597.271	-1875
597.392	-1202
597.513	-521
597.633	-410
597.754	-1085
597.875	-798
597.995	383
598.116	-984
598.237	-1420
598.357	-1644
598.478	-1527
598.599	398
598.719	-1371
598.84	-1753
598.96	-1700
599.081	-1191
599.202	-1302
599.322	-1756
599.443	-1853
599.563	-685
599.684	-358
599.805	-1234
599.925	-1976
600.046	941
600.166	-1582
600.287	-881
600.407	-729
600.528	-35
600.649	-667
600.769	-632
600.89	-1944
601.01	-475
601.131	-1867
601.251	925
601.372	-424
601.492	-1503
601.613	-1775
601.733	-1328
601.854	861
601.974	825
602.095	390
602.215	-1885
602.336	-1862
602.456	770
602.577	-1742
602.697	3620
602.817	-141
602.938	-1155
603.058	-742
603.179	-1786
603.299	-1749
603.42	-2288
603.54	-870
603.66	-1901
603.781	-621
603.901	-1622
604.022	187
604.142	-720
604.262	-841
604.383	-1714
604.503	169
604.624	-1575
604.744	-636
604.864	-558
604.985	-1570
605.105	-641
605.225	-691
605.346	-1127
605.466	-557
605.586	1072
605.707	1352
605.827	-2199
605.947	-1437
606.068	-1153
606.188	-1244
606.308	-1682
606.429	-745
606.549	-1205
606.669	-1962
606.789	-1799
606.91	-633
607.03	-1742
607.15	-1449
607.27	-822
607.391	-369
607.511	-1372
607.631	-1677
607.751	-16
607.872	-268
607.992	-1634
608.112	2
608.232	-1548
608.353	-1960
608.473	-1663
608.593	391
608.713	1547
608.833	-1431
608.954	-1610
609.074	-1147
609.194	-1996
609.314	764
609.434	-368
609.554	-1010
609.675	-775
609.795	-1866
609.915	-1554
610.035	1676
610.155	-1279
610.275	-1665
610.395	-248
610.516	-2013
610.636	-838
610.756	-644
610.876	-337
610.996	-1617
611.116	553
611.236	-2222
611.356	-1280
611.476	-1017
611.596	-798
611.716	346
611.836	-1493
611.957	-1708
612.077	-1073
612.197	-699
612.317	-1611
612.437	240
612.557	-30
612.677	-1325
612.797	-561
612.917	-2158
613.037	-650
613.157	-967
613.277	-629
613.397	553
613.517	331
613.637	-1906
613.757	-778
613.877	-1457
613.997	-1265
614.117	-1928
614.237	-1146
614.356	-526
614.476	-95
614.596	-381
614.716	-999
614.836	-1097
614.956	-387
615.076	-1088
615.196	-1704
615.316	-765
615.436	-484
615.556	207
615.676	1136
615.795	-495
615.915	-859
616.035	-1712
616.155	-879
616.275	-1494
616.395	-1714
616.515	-447
616.635	-2338
616.754	-2198
616.874	-512
616.994	-1147
617.114	1292
617.234	248
617.354	-823
617.473	1067
617.593	-1105
617.713	-628
617.833	-650
617.953	-1001
618.072	-2452
618.192	-1671
618.312	71
618.432	-594
618.551	-1628
618.671	-1569
618.791	-626
618.911	-940
619.03	-1027
619.15	-711
619.27	-1206
619.39	-1503
619.509	-666
619.629	-1263
619.749	-1783
619.868	-962
619.988	-1743
620.108	-1294
620.228	3416
620.347	-1162
620.467	-1621
620.587	-1569
620.706	13
620.826	-1974
620.946	-1634
621.065	-177
621.185	1127
621.305	-1553
621.424	-1250
621.544	-2205
621.663	-1024
621.783	-1613
621.903	1217
622.022	-1975
622.142	-1165
622.261	618
622.381	-821
622.501	-503
622.62	-1384
622.74	-957
622.859	-951
622.979	412
623.099	-1357
623.218	-752
623.338	880
623.457	-346
623.577	-1730
623.696	-749
623.816	-2115
623.935	-1602
624.055	-1803
624.174	-1338
624.294	-647
624.413	-1994
624.533	-1040
624.652	276
624.772	-1484
624.891	-1922
625.011	-236
625.13	-1645
625.25	-1918
625.369	-1300
625.489	-1570
625.608	-1794
625.728	-992
625.847	-856
625.966	-2078
626.086	-1686
626.205	-1950
626.325	-441
626.444	-921
626.564	201
626.683	245
626.802	-141
626.922	-275
627.041	-635
627.161	-882
627.28	-298
627.399	-328
627.519	-1043
627.638	-1950
627.757	-1419
627.877	-1417
627.996	-1518
628.115	-340
628.235	-314
628.354	-2102
628.473	-1114
628.593	484
628.712	-763
628.831	-990
628.951	-2039
629.07	460
629.189	-610
629.309	-1342
629.428	263
629.547	-1783
629.666	-124
629.786	-1139
629.905	-1949
630.024	-202
630.143	-434
630.263	-1208
630.382	861
630.501	-890
630.62	-1231
630.74	-1952
630.859	157
630.978	-1165
631.097	-1893
631.216	-2066
631.336	147
631.455	-1459
631.574	-1219
631.693	-670
631.812	-1474
631.932	-2133
632.051	623
632.17	1357
632.289	-516
632.408	-1057
632.527	-602
632.646	-1020
632.766	-1988
632.885	1013
633.004	-1913
633.123	-1152
633.242	-1893
633.361	3483
633.48	-1616
633.599	-1815
633.718	-426
633.838	-371
633.957	-2074
634.076	-858
634.195	-1552
634.314	-58
634.433	-165
634.552	-1746
634.671	-771
634.79	1296
634.909	56
635.028	-1074
635.147	-619
635.266	-1550
635.385	-564
635.504	-2113
635.623	-781
635.742	-1842
635.861	-1818
635.98	-1064
636.099	-1834
636.218	-841
636.337	-634
636.456	1019
636.575	-549
636.694	-627
636.813	-1721
636.932	-1979
637.051	-1209
637.17	-1869
637.289	-401
637.408	-2071
637.526	-1338
637.645	-2170
637.764	-1775
637.883	-1668
638.002	-438
638.121	1943
638.24	-1734
638.359	-421
638.478	-1566
638.597	-1648
638.715	2004
638.834	-1104
638.953	-560
639.072	-1852
639.191	-1987
639.31	-353
639.428	-1252
639.547	-368
639.666	-284
639.785	-514
639.904	-1224
640.023	-1973
640.141	-1024
640.26	-1501
640.379	-597
640.498	-1923
640.616	-593
640.735	-1210
640.854	-197
640.973	-1821
641.092	-5
641.21	-550
641.329	-1462
641.448	52
641.567	763
641.685	-1194
641.804	-1479
641.923	-730
642.041	-1575
642.16	-1384
642.279	-220
642.398	-1153
642.516	-1360
642.635	257
642.754	-1619
642.872	375
642.991	332
643.11	-1456
643.228	-2224
643.347	-1666
643.466	-1899
643.584	58
643.703	658
643.821	-512
643.94	-492
644.059	-893
644.177	-191
644.296	-1728
644.415	-1247
644.533	-1183
644.652	-529
644.77	-1908
644.889	-1582
645.008	-617
645.126	-1679
645.245	-123
645.363	496
645.482	-814
645.6	-1256
645.719	-1439
645.837	-1063
645.956	-860
646.074	-2271
646.193	-1547
646.312	91
646.43	535
646.549	619
646.667	-2197
646.786	-1702
646.904	-250
647.023	-668
647.141	-1667
647.26	18
647.378	1593
647.496	-1527
647.615	-39
647.733	-702
647.852	595
647.97	-1934
648.089	44
648.207	-148
648.326	117
648.444	-1202
648.562	-799
648.681	-321
648.799	-1400
648.918	-1012
649.036	-568
649.154	-1193
649.273	-202
649.391	-1569
649.51	-1445
649.628	-1740
649.746	430
649.865	-1823
649.983	-1544
650.101	-813
650.22	-1176
650.338	-1946
650.456	-1075
650.575	-1160
650.693	-1979
650.811	-690
650.93	-1810
651.048	5942
651.166	1233
651.285	-1312
651.403	-36
651.521	-670
651.639	-1422
651.758	-1217
651.876	1024
651.994	-1609
652.112	-77
652.231	-1164
652.349	-1431
652.467	-2452
652.585	-1117
652.704	-571
652.822	-1993
652.94	-1813
653.058	-580
653.176	-1619
653.295	-701
653.413	99
653.531	-1511
653.649	-1290
653.767	-1447
653.886	-1417
654.004	-1842
654.122	220
654.24	-2034
654.358	-1320
654.476	-1362
654.594	563
654.713	-1120
654.831	-2093
654.949	-1412
655.067	-729
655.185	-1765
655.303	-1431
655.421	-1457
655.539	94
655.658	-853
655.776	-1091
655.894	-62
656.012	262
656.13	-1818
656.248	-1049
656.366	-2042
656.484	-1676
656.602	-1705
656.72	-1529
656.838	-809
656.956	-1695
657.074	-21
657.192	-490
657.31	-1743
657.428	-1466
657.546	-271
657.664	-811
657.782	-1344
657.9	17
658.018	-1059
658.136	-677
658.254	-3
658.372	-76
658.49	-1650
658.608	-1759
658.726	-635
658.844	-503
658.962	-1169
659.08	-1797
659.198	-937
659.316	-1418
