Data from 450_HR4D30811__0__04.txt Node

197.25	-831.85
197.385	-831.85
197.519	-831.85
197.653	-874.85
197.787	90.15
197.922	-69.85
198.056	25.15
198.19	24.15
198.324	3.15
198.459	-124.85
198.593	184.15
198.727	5.15
198.861	-57.85
198.996	96.15
199.13	-124.85
199.264	-72.85
199.398	-38.85
199.533	151.15
199.667	51.15
199.801	2.15
199.935	-124.85
200.07	47.15
200.204	-41.85
200.338	-66.85
200.472	-96.85
200.606	-151.85
200.741	-88.85
200.875	-37.85
201.009	-43.85
201.143	-88.85
201.277	43.15
201.412	95.15
201.546	120.15
201.68	82.15
201.814	-27.85
201.948	51.15
202.082	-28.85
202.217	-135.85
202.351	-65.85
202.485	-11.85
202.619	-129.85
202.753	-184.85
202.887	141.15
203.021	50.15
203.156	163.15
203.29	21.15
203.424	-1.85
203.558	-78.85
203.692	-18.85
203.826	-163.85
203.96	-27.85
204.094	79.15
204.229	-42.85
204.363	-95.85
204.497	-162.85
204.631	-135.85
204.765	-118.85
204.899	-63.85
205.033	-73.85
205.167	-92.85
205.301	5.15
205.435	-129.85
205.569	-29.85
205.704	-18.85
205.838	-121.85
205.972	-51.85
206.106	253.15
206.24	-78.85
206.374	-116.85
206.508	25.15
206.642	3.15
206.776	-27.85
206.91	103.15
207.044	34.15
207.178	82.15
207.312	12.15
207.446	-68.85
207.58	-74.85
207.714	-83.85
207.848	88.15
207.982	-193.85
208.116	14.15
208.25	-128.85
208.384	-50.85
208.518	-95.85
208.652	-87.85
208.786	-119.85
208.92	130.15
209.054	-45.85
209.188	-150.85
209.322	-49.85
209.456	-55.85
209.59	-134.85
209.724	-33.85
209.858	-2.85
209.992	-48.85
210.126	-89.85
210.26	-108.85
210.394	-9.85
210.528	-5.85
210.662	-128.85
210.796	-91.85
210.929	89.15
211.063	20.15
211.197	-48.85
211.331	9.15
211.465	-82.85
211.599	27.15
211.733	43.15
211.867	-134.85
212.001	-72.85
212.135	10.15
212.269	-112.85
212.402	-75.85
212.536	61.15
212.67	-23.85
212.804	-125.85
212.938	30.15
213.072	-92.85
213.206	8.15
213.34	-83.85
213.473	-56.85
213.607	43.15
213.741	-109.85
213.875	-146.85
214.009	-96.85
214.143	-87.85
214.277	-64.85
214.41	-149.85
214.544	131.15
214.678	94.15
214.812	130.15
214.946	-153.85
215.08	-116.85
215.213	-108.85
215.347	-33.85
215.481	2.15
215.615	-183.85
215.749	-13.85
215.882	-102.85
216.016	-153.85
216.15	55.15
216.284	108.15
216.418	18.15
216.551	57.15
216.685	2.15
216.819	-152.85
216.953	-64.85
217.086	129.15
217.22	-82.85
217.354	-7.85
217.488	83.15
217.621	49.15
217.755	-14.85
217.889	-34.85
218.023	9.15
218.156	41.15
218.29	49.15
218.424	131.15
218.558	-115.85
218.691	-182.85
218.825	-59.85
218.959	233.15
219.092	-47.85
219.226	-197.85
219.36	-142.85
219.494	6.15
219.627	-48.85
219.761	-77.85
219.895	-59.85
220.028	-145.85
220.162	322.15
220.296	105.15
220.429	-36.85
220.563	-11.85
220.697	-1.85
220.83	-122.85
220.964	-82.85
221.098	-127.85
221.231	-118.85
221.365	15.15
221.499	-78.85
221.632	-124.85
221.766	26.15
221.9	-57.85
222.033	-78.85
222.167	42.15
222.3	-89.85
222.434	-21.85
222.568	147.15
222.701	-72.85
222.835	-43.85
222.968	-128.85
223.102	-79.85
223.236	-103.85
223.369	63.15
223.503	-16.85
223.636	-93.85
223.77	-39.85
223.904	-2.85
224.037	-72.85
224.171	75.15
224.304	29.15
224.438	-67.85
224.571	-37.85
224.705	91.15
224.839	-15.85
224.972	-112.85
225.106	-56.85
225.239	-15.85
225.373	53.15
225.506	5.15
225.64	2.15
225.773	-45.85
225.907	-93.85
226.04	-144.85
226.174	-74.85
226.307	-7.85
226.441	-82.85
226.575	64.15
226.708	61.15
226.842	-63.85
226.975	-55.85
227.109	-77.85
227.242	-21.85
227.375	27.15
227.509	-7.85
227.642	-19.85
227.776	18.15
227.909	50.15
228.043	-101.85
228.176	148.15
228.31	-130.85
228.443	161.15
228.577	-1.85
228.71	-25.85
228.844	11.15
228.977	-144.85
229.111	-67.85
229.244	72.15
229.377	-168.85
229.511	-6.85
229.644	-90.85
229.778	-59.85
229.911	-99.85
230.044	-71.85
230.178	8.15
230.311	-69.85
230.445	18.15
230.578	-75.85
230.711	-23.85
230.845	210.15
230.978	52.15
231.112	-126.85
231.245	-118.85
231.378	-95.85
231.512	27.15
231.645	-174.85
231.779	-170.85
231.912	-14.85
232.045	28.15
232.179	-83.85
232.312	-52.85
232.445	83.15
232.579	154.15
232.712	101.15
232.845	-61.85
232.979	-175.85
233.112	22.15
233.245	-33.85
233.379	-113.85
233.512	3.15
233.645	-105.85
233.779	-119.85
233.912	53.15
234.045	-66.85
234.179	-12.85
234.312	-39.85
234.445	15.15
234.578	43.15
234.712	7.15
234.845	44.15
234.978	-87.85
235.112	3.15
235.245	53.15
235.378	-42.85
235.511	-0.85
235.645	44.15
235.778	3.15
235.911	-78.85
236.044	-112.85
236.178	138.15
236.311	-112.85
236.444	-93.85
236.577	-114.85
236.711	41.15
236.844	-232.85
236.977	-51.85
237.11	-120.85
237.243	35.15
237.377	-154.85
237.51	-137.85
237.643	472.15
237.776	-43.85
237.909	-74.85
238.043	9.15
238.176	-76.85
238.309	-24.85
238.442	-153.85
238.575	-28.85
238.709	226.15
238.842	57.15
238.975	-0.85
239.108	106.15
239.241	-124.85
239.374	-89.85
239.508	-101.85
239.641	125.15
239.774	185.15
239.907	21.15
240.04	-137.85
240.173	44.15
240.306	111.15
240.44	-77.85
240.573	53.15
240.706	-77.85
240.839	-2.85
240.972	-34.85
241.105	-10.85
241.238	26.15
241.371	9.15
241.504	42.15
241.638	-65.85
241.771	7.15
241.904	-56.85
242.037	-0.85
242.17	-63.85
242.303	-156.85
242.436	-22.85
242.569	-33.85
242.702	-110.85
242.835	-72.85
242.968	-0.85
243.101	-43.85
243.234	-138.85
243.367	-121.85
243.5	-58.85
243.634	-85.85
243.767	-162.85
243.9	-105.85
244.033	-107.85
244.166	41.15
244.299	-193.85
244.432	-110.85
244.565	32.15
244.698	-175.85
244.831	-95.85
244.964	-90.85
245.097	-68.85
245.23	62.15
245.363	43.15
245.496	-130.85
245.629	-81.85
245.762	237.15
245.895	-138.85
246.028	-112.85
246.161	205.15
246.294	42.15
246.427	-112.85
246.559	69.15
246.692	-2.85
246.825	-34.85
246.958	-131.85
247.091	-130.85
247.224	-158.85
247.357	-55.85
247.49	79.15
247.623	-64.85
247.756	-142.85
247.889	134.15
248.022	-45.85
248.155	-153.85
248.288	-45.85
248.421	-102.85
248.553	44.15
248.686	-106.85
248.819	36.15
248.952	-102.85
249.085	67.15
249.218	-9.85
249.351	-13.85
249.484	109.15
249.617	-25.85
249.749	-120.85
249.882	-76.85
250.015	-89.85
250.148	-65.85
250.281	-93.85
250.414	-53.85
250.547	-82.85
250.679	112.15
250.812	-52.85
250.945	18.15
251.078	-119.85
251.211	-59.85
251.344	-145.85
251.476	-63.85
251.609	52.15
251.742	-130.85
251.875	-15.85
252.008	-93.85
252.14	-151.85
252.273	-60.85
252.406	71.15
252.539	-31.85
252.672	0.15
252.804	57.15
252.937	-123.85
253.07	-10.85
253.203	-20.85
253.335	54.15
253.468	-182.85
253.601	-80.85
253.734	16.15
253.866	-32.85
253.999	195.15
254.132	-13.85
254.265	-61.85
254.397	-77.85
254.53	-90.85
254.663	50.15
254.796	-94.85
254.928	-110.85
255.061	-125.85
255.194	-4.85
255.327	-150.85
255.459	-9.85
255.592	-109.85
255.725	122.15
255.857	-93.85
255.99	14.15
256.123	-101.85
256.255	-120.85
256.388	37.15
256.521	-123.85
256.653	-132.85
256.786	-100.85
256.919	-84.85
257.051	-135.85
257.184	-16.85
257.317	-71.85
257.449	-105.85
257.582	-13.85
257.715	-93.85
257.847	-114.85
257.98	-22.85
258.113	-72.85
258.245	-38.85
258.378	-165.85
258.51	-115.85
258.643	-129.85
258.776	28.15
258.908	-132.85
259.041	3.15
259.174	-81.85
259.306	-88.85
259.439	-157.85
259.571	-73.85
259.704	-21.85
259.837	91.15
259.969	-100.85
260.102	-94.85
260.234	86.15
260.367	42.15
260.499	-124.85
260.632	-54.85
260.765	-86.85
260.897	-106.85
261.03	-108.85
261.162	1.15
261.295	-31.85
261.427	74.15
261.56	-64.85
261.692	-116.85
261.825	-33.85
261.957	46.15
262.09	18.15
262.222	17.15
262.355	-116.85
262.487	-50.85
262.62	-127.85
262.752	-9.85
262.885	-87.85
263.017	18.15
263.15	-84.85
263.282	-33.85
263.415	-136.85
263.547	16.15
263.68	103.15
263.812	-142.85
263.945	-63.85
264.077	-123.85
264.21	119.15
264.342	-137.85
264.475	-100.85
264.607	94.15
264.74	-172.85
264.872	-41.85
265.004	58.15
265.137	32.15
265.269	177.15
265.402	-95.85
265.534	-59.85
265.667	-50.85
265.799	28.15
265.931	-31.85
266.064	11.15
266.196	-22.85
266.329	-106.85
266.461	-56.85
266.593	-0.85
266.726	-136.85
266.858	-92.85
266.99	-18.85
267.123	-63.85
267.255	-36.85
267.388	-47.85
267.52	-116.85
267.652	-113.85
267.785	76.15
267.917	23.15
268.049	-38.85
268.182	196.15
268.314	22.15
268.446	-165.85
268.579	-55.85
268.711	104.15
268.843	-117.85
268.976	-48.85
269.108	204.15
269.24	97.15
269.373	-22.85
269.505	-105.85
269.637	-48.85
269.77	-77.85
269.902	55.15
270.034	-117.85
270.167	27.15
270.299	-13.85
270.431	5.15
270.563	-88.85
270.696	35.15
270.828	-27.85
270.96	-24.85
271.092	26.15
271.225	-80.85
271.357	-19.85
271.489	-88.85
271.621	-124.85
271.754	274.15
271.886	-75.85
272.018	-65.85
272.15	165.15
272.283	-103.85
272.415	-77.85
272.547	55.15
272.679	85.15
272.811	-31.85
272.944	-55.85
273.076	-155.85
273.208	19.15
273.34	-40.85
273.473	-64.85
273.605	62.15
273.737	-130.85
273.869	2.15
274.001	-197.85
274.133	16.15
274.266	-90.85
274.398	719.15
274.53	32.15
274.662	106.15
274.794	8.15
274.926	74.15
275.059	-100.85
275.191	11.15
275.323	-100.85
275.455	65.15
275.587	-127.85
275.719	-72.85
275.851	-58.85
275.983	46.15
276.116	1.15
276.248	69.15
276.38	-128.85
276.512	20.15
276.644	-88.85
276.776	-76.85
276.908	5.15
277.04	-14.85
277.172	26.15
277.304	-81.85
277.437	24.15
277.569	-91.85
277.701	-81.85
277.833	-33.85
277.965	-92.85
278.097	32.15
278.229	-99.85
278.361	-66.85
278.493	80.15
278.625	161.15
278.757	-14.85
278.889	-126.85
279.021	-45.85
279.153	229.15
279.285	-128.85
279.417	313.15
279.549	83.15
279.681	-15.85
279.813	-85.85
279.945	15.15
280.077	-127.85
280.209	570.15
280.341	-138.85
280.473	-72.85
280.605	53.15
280.737	33.15
280.869	92.15
281.001	-19.85
281.133	-169.85
281.265	41.15
281.397	-76.85
281.529	181.15
281.661	-124.85
281.793	-168.85
281.925	-96.85
282.057	-68.85
282.189	-96.85
282.321	29.15
282.453	18.15
282.585	-81.85
282.717	75.15
282.849	-7.85
282.98	-79.85
283.112	-95.85
283.244	26.15
283.376	-106.85
283.508	-180.85
283.64	-127.85
283.772	67.15
283.904	78.15
284.036	-134.85
284.168	76.15
284.299	-10.85
284.431	-2.85
284.563	-61.85
284.695	-72.85
284.827	-94.85
284.959	-14.85
285.091	-127.85
285.222	-123.85
285.354	-55.85
285.486	-30.85
285.618	-104.85
285.75	-41.85
285.882	81.15
286.013	38.15
286.145	-54.85
286.277	37.15
286.409	77.15
286.541	28.15
286.673	-124.85
286.804	-75.85
286.936	-51.85
287.068	-106.85
287.2	-153.85
287.332	228.15
287.463	-163.85
287.595	-3.85
287.727	174.15
287.859	-61.85
287.99	0.15
288.122	-46.85
288.254	34.15
288.386	-69.85
288.517	-142.85
288.649	-59.85
288.781	-42.85
288.913	17.15
289.044	-95.85
289.176	110.15
289.308	-65.85
289.44	-175.85
289.571	-107.85
289.703	-127.85
289.835	3.15
289.967	-102.85
290.098	-176.85
290.23	-167.85
290.362	70.15
290.493	-154.85
290.625	-81.85
290.757	-44.85
290.888	-55.85
291.02	-7.85
291.152	15.15
291.283	-1.85
291.415	-48.85
291.547	-83.85
291.678	-127.85
291.81	7.15
291.942	113.15
292.073	5.15
292.205	-143.85
292.337	51.15
292.468	200.15
292.6	-87.85
292.732	332.15
292.863	-131.85
292.995	-165.85
293.126	30.15
293.258	94.15
293.39	-98.85
293.521	-110.85
293.653	-137.85
293.785	67.15
293.916	-121.85
294.048	10.15
294.179	22.15
294.311	-104.85
294.442	16.15
294.574	-132.85
294.706	-32.85
294.837	36.15
294.969	-29.85
295.1	-102.85
295.232	-110.85
295.363	117.15
295.495	-36.85
295.627	3.15
295.758	57.15
295.89	-160.85
296.021	17.15
296.153	-1.85
296.284	-39.85
296.416	-47.85
296.547	-58.85
296.679	-28.85
296.81	12.15
296.942	-179.85
297.073	-93.85
297.205	-146.85
297.336	-89.85
297.468	-93.85
297.599	9.15
297.731	-181.85
297.862	-39.85
297.994	-133.85
298.125	-150.85
298.257	-42.85
298.388	16.15
298.52	48.15
298.651	-17.85
298.782	140.15
298.914	-160.85
299.045	-82.85
299.177	-126.85
299.308	-143.85
299.44	35.15
299.571	27.15
299.702	-56.85
299.834	-54.85
299.965	-74.85
300.097	-89.85
300.228	19.15
300.36	-51.85
300.491	-46.85
300.622	14.15
300.754	-28.85
300.885	-112.85
301.017	9.15
301.148	-56.85
301.279	-144.85
301.411	-28.85
301.542	7.15
301.673	19.15
301.805	4.15
301.936	-102.85
302.067	-36.85
302.199	-70.85
302.33	-109.85
302.461	152.15
302.593	46.15
302.724	2.15
302.855	-146.85
302.987	-79.85
303.118	-120.85
303.249	-143.85
303.381	-45.85
303.512	-109.85
303.643	-94.85
303.775	84.15
303.906	-112.85
304.037	-133.85
304.169	-84.85
304.3	-56.85
304.431	-141.85
304.562	-121.85
304.694	-107.85
304.825	-13.85
304.956	72.15
305.087	-68.85
305.219	23.15
305.35	-15.85
305.481	-90.85
305.612	35.15
305.744	-2.85
305.875	-49.85
306.006	245.15
306.137	-121.85
306.269	-12.85
306.4	76.15
306.531	72.15
306.662	-52.85
306.794	86.15
306.925	-106.85
307.056	-135.85
307.187	-14.85
307.318	-57.85
307.45	-38.85
307.581	-51.85
307.712	-127.85
307.843	-33.85
307.974	-3.85
308.105	84.15
308.237	53.15
308.368	-137.85
308.499	-33.85
308.63	18.15
308.761	-65.85
308.892	-29.85
309.024	-32.85
309.155	-55.85
309.286	-84.85
309.417	-117.85
309.548	-73.85
309.679	-69.85
309.81	-199.85
309.941	221.15
310.073	-13.85
310.204	-114.85
310.335	-6.85
310.466	-95.85
310.597	-113.85
310.728	-78.85
310.859	145.15
310.99	108.15
311.121	-28.85
311.252	-17.85
311.383	-123.85
311.514	-30.85
311.646	-75.85
311.777	-20.85
311.908	-20.85
312.039	-64.85
312.17	-135.85
312.301	1.15
312.432	-111.85
312.563	-152.85
312.694	-62.85
312.825	-51.85
312.956	-150.85
313.087	40.15
313.218	65.15
313.349	-66.85
313.48	-168.85
313.611	-44.85
313.742	-29.85
313.873	80.15
314.004	-45.85
314.135	-75.85
314.266	47.15
314.397	-32.85
314.528	-117.85
314.659	-113.85
314.79	-107.85
314.921	41.15
315.052	4.15
315.183	-136.85
315.314	-137.85
315.445	72.15
315.576	-17.85
315.707	-81.85
315.838	-60.85
315.968	34.15
316.099	-121.85
316.23	-134.85
316.361	99.15
316.492	-18.85
316.623	-7.85
316.754	102.15
316.885	-193.85
317.016	-112.85
317.147	-168.85
317.278	54.15
317.408	-128.85
317.539	-106.85
317.67	-148.85
317.801	-2.85
317.932	-78.85
318.063	-78.85
318.194	-66.85
318.325	53.15
318.455	-144.85
318.586	-23.85
318.717	6.15
318.848	-187.85
318.979	43.15
319.11	180.15
319.24	-6.85
319.371	11.15
319.502	-36.85
319.633	-76.85
319.764	-86.85
319.895	-128.85
320.025	-62.85
320.156	-117.85
320.287	-209.85
320.418	-106.85
320.549	-16.85
320.679	-134.85
320.81	63.15
320.941	-150.85
321.072	-140.85
321.202	-31.85
321.333	97.15
321.464	-203.85
321.595	-125.85
321.726	141.15
321.856	-169.85
321.987	-87.85
322.118	-119.85
322.249	-6.85
322.379	-78.85
322.51	33.15
322.641	-28.85
322.771	-132.85
322.902	-55.85
323.033	-48.85
323.164	344.15
323.294	-59.85
323.425	-124.85
323.556	-53.85
323.686	-6.85
323.817	155.15
323.948	18.15
324.078	-45.85
324.209	77.15
324.34	-78.85
324.47	64.15
324.601	-138.85
324.732	-26.85
324.862	23.15
324.993	-94.85
325.124	-196.85
325.254	-3.85
325.385	-34.85
325.516	257.15
325.646	203.15
325.777	-67.85
325.908	-51.85
326.038	34.15
326.169	-49.85
326.299	-39.85
326.43	82.15
326.561	-91.85
326.691	-70.85
326.822	-122.85
326.952	-93.85
327.083	34.15
327.214	-129.85
327.344	-14.85
327.475	-2.85
327.605	-37.85
327.736	-35.85
327.867	-142.85
327.997	-47.85
328.128	-47.85
328.258	-172.85
328.389	145.15
328.519	-122.85
328.65	23.15
328.78	-107.85
328.911	-7.85
329.041	78.15
329.172	-186.85
329.303	-113.85
329.433	-73.85
329.564	-101.85
329.694	-129.85
329.825	-111.85
329.955	-17.85
330.086	241.15
330.216	-120.85
330.347	-123.85
330.477	-28.85
330.608	-31.85
330.738	-37.85
330.868	-184.85
330.999	-67.85
331.129	96.15
331.26	-115.85
331.39	-104.85
331.521	88.15
331.651	78.15
331.782	-164.85
331.912	-127.85
332.043	-104.85
332.173	63.15
332.303	-183.85
332.434	78.15
332.564	31.15
332.695	-85.85
332.825	-162.85
332.956	-84.85
333.086	-31.85
333.216	-103.85
333.347	-35.85
333.477	-222.85
333.608	-26.85
333.738	16.15
333.868	-55.85
333.999	-24.85
334.129	63.15
334.259	-85.85
334.39	-115.85
334.52	19.15
334.65	-105.85
334.781	113.15
334.911	-119.85
335.042	-93.85
335.172	-19.85
335.302	-51.85
335.433	116.15
335.563	-130.85
335.693	77.15
335.824	155.15
335.954	-194.85
336.084	-2.85
336.214	-1.85
336.345	152.15
336.475	-1.85
336.605	-89.85
336.736	139.15
336.866	-39.85
336.996	-67.85
337.126	-100.85
337.257	-2.85
337.387	-141.85
337.517	-126.85
337.648	-159.85
337.778	120.15
337.908	68.15
338.038	7.15
338.169	-104.85
338.299	160.15
338.429	3.15
338.559	-128.85
338.69	-86.85
338.82	193.15
338.95	9.15
339.08	-248.85
339.21	-137.85
339.341	-31.85
339.471	38.15
339.601	-61.85
339.731	7.15
339.861	-67.85
339.992	-32.85
340.122	-75.85
340.252	-100.85
340.382	-90.85
340.512	-12.85
340.642	43.15
340.773	-19.85
340.903	-149.85
341.033	-26.85
341.163	-26.85
341.293	77.15
341.423	-86.85
341.554	-124.85
341.684	22.15
341.814	-51.85
341.944	-62.85
342.074	-25.85
342.204	-81.85
342.334	84.15
342.464	-104.85
342.595	-78.85
342.725	-146.85
342.855	-39.85
342.985	-72.85
343.115	-135.85
343.245	-191.85
343.375	2.15
343.505	-11.85
343.635	17.15
343.765	-103.85
343.895	-203.85
344.025	49.15
344.155	-112.85
344.286	-62.85
344.416	-15.85
344.546	34.15
344.676	2.15
344.806	51.15
344.936	-43.85
345.066	94.15
345.196	-84.85
345.326	-181.85
345.456	38.15
345.586	-137.85
345.716	-137.85
345.846	-17.85
345.976	-176.85
346.106	-50.85
346.236	88.15
346.366	24.15
346.496	-91.85
346.626	-90.85
346.756	-90.85
346.886	-127.85
347.016	-155.85
347.146	-106.85
347.276	-112.85
347.406	-107.85
347.536	-24.85
347.666	73.15
347.795	-110.85
347.925	-81.85
348.055	80.15
348.185	-48.85
348.315	-55.85
348.445	52.15
348.575	-64.85
348.705	-105.85
348.835	-102.85
348.965	-75.85
349.095	-10.85
349.225	148.15
349.354	-101.85
349.484	-82.85
349.614	-109.85
349.744	-105.85
349.874	-68.85
350.004	-165.85
350.134	-105.85
350.264	-160.85
350.393	-131.85
350.523	66.15
350.653	-162.85
350.783	17.15
350.913	91.15
351.043	-109.85
351.173	-82.85
351.302	37.15
351.432	77.15
351.562	-77.85
351.692	-36.85
351.822	-100.85
351.951	-168.85
352.081	88.15
352.211	-63.85
352.341	63.15
352.471	61.15
352.6	-83.85
352.73	-96.85
352.86	-55.85
352.99	37.15
353.12	-18.85
353.249	5.15
353.379	-109.85
353.509	4.15
353.639	-153.85
353.768	-44.85
353.898	-104.85
354.028	-125.85
354.158	-64.85
354.287	-118.85
354.417	-120.85
354.547	-133.85
354.677	-180.85
354.806	-25.85
354.936	27.15
355.066	-46.85
355.195	-44.85
355.325	-1.85
355.455	-96.85
355.584	122.15
355.714	-123.85
355.844	57.15
355.974	-6.85
356.103	-4.85
356.233	-78.85
356.363	34.15
356.492	-108.85
356.622	-133.85
356.752	-1.85
356.881	-164.85
357.011	31.15
357.14	84.15
357.27	-77.85
357.4	41.15
357.529	-42.85
357.659	79.15
357.789	3.15
357.918	-145.85
358.048	-180.85
358.177	-6.85
358.307	-123.85
358.437	-34.85
358.566	-111.85
358.696	32.15
358.825	70.15
358.955	-132.85
359.085	40.15
359.214	-166.85
359.344	-68.85
359.473	-143.85
359.603	-64.85
359.733	-91.85
359.862	-145.85
359.992	52.15
360.121	-70.85
360.251	37.15
360.38	-178.85
360.51	75.15
360.639	-90.85
360.769	-12.85
360.898	15.15
361.028	35.15
361.157	-13.85
361.287	-13.85
361.416	-161.85
361.546	-62.85
361.675	-47.85
361.805	-83.85
361.934	29.15
362.064	-94.85
362.193	-83.85
362.323	-133.85
362.452	58.15
362.582	-131.85
362.711	-64.85
362.841	7.15
362.97	-4.85
363.1	-113.85
363.229	-167.85
363.359	-35.85
363.488	-151.85
363.617	-33.85
363.747	-27.85
363.876	-142.85
364.006	-54.85
364.135	-50.85
364.265	-21.85
364.394	-97.85
364.523	128.15
364.653	-122.85
364.782	44.15
364.912	-119.85
365.041	-162.85
365.17	-84.85
365.3	-5.85
365.429	111.15
365.558	-93.85
365.688	-92.85
365.817	-100.85
365.947	11.15
366.076	-48.85
366.205	-45.85
366.335	-152.85
366.464	-89.85
366.593	45.15
366.723	-68.85
366.852	-56.85
366.981	-35.85
367.111	-106.85
367.24	-43.85
367.369	-63.85
367.499	261.15
367.628	78.15
367.757	-69.85
367.886	-34.85
368.016	93.15
368.145	-53.85
368.274	-42.85
368.404	-145.85
368.533	-40.85
368.662	2.15
368.791	-114.85
368.921	-171.85
369.05	116.15
369.179	4.15
369.308	164.15
369.438	-130.85
369.567	-169.85
369.696	-85.85
369.825	-17.85
369.955	-50.85
370.084	32.15
370.213	-46.85
370.342	-130.85
370.472	-137.85
370.601	186.15
370.73	-13.85
370.859	-196.85
370.988	-79.85
371.118	-143.85
371.247	33.15
371.376	37.15
371.505	-34.85
371.634	18.15
371.763	-69.85
371.893	-125.85
372.022	-58.85
372.151	-102.85
372.28	-147.85
372.409	-184.85
372.538	-73.85
372.667	2.15
372.797	40.15
372.926	-173.85
373.055	14.15
373.184	-35.85
373.313	-132.85
373.442	11.15
373.571	-65.85
373.7	-58.85
373.83	-7.85
373.959	-217.85
374.088	-67.85
374.217	78.15
374.346	-104.85
374.475	-152.85
374.604	-112.85
374.733	174.15
374.862	-81.85
374.991	-130.85
375.12	-20.85
375.249	17.15
375.378	-101.85
375.508	-185.85
375.637	-150.85
375.766	70.15
375.895	-100.85
376.024	81.15
376.153	-97.85
376.282	-42.85
376.411	-106.85
376.54	-232.85
376.669	-21.85
376.798	-61.85
376.927	-148.85
377.056	49.15
377.185	18.15
377.314	110.15
377.443	104.15
377.572	-116.85
377.701	-125.85
377.83	110.15
377.959	23.15
378.088	874.15
378.217	85.15
378.346	-68.85
378.474	-179.85
378.603	-115.85
378.732	-18.85
378.861	-64.85
378.99	-183.85
379.119	-194.85
379.248	-28.85
379.377	-88.85
379.506	-96.85
379.635	78.15
379.764	-32.85
379.893	-117.85
380.022	-157.85
380.15	4.15
380.279	-139.85
380.408	-113.85
380.537	-73.85
380.666	5.15
380.795	1.15
380.924	-79.85
381.053	-152.85
381.181	-2.85
381.31	397.15
381.439	-80.85
381.568	-85.85
381.697	-83.85
381.826	-46.85
381.955	-104.85
382.083	-51.85
382.212	-176.85
382.341	46.15
382.47	-76.85
382.599	-118.85
382.727	111.15
382.856	-0.85
382.985	52.15
383.114	-74.85
383.243	-101.85
383.371	-44.85
383.5	-94.85
383.629	-133.85
383.758	-108.85
383.887	-217.85
384.015	-23.85
384.144	-148.85
384.273	-45.85
384.402	8.15
384.53	-101.85
384.659	-153.85
384.788	-131.85
384.917	-97.85
385.045	-8.85
385.174	-69.85
385.303	-202.85
385.432	-10.85
385.56	-30.85
385.689	-87.85
385.818	-20.85
385.946	18.15
386.075	-107.85
386.204	-130.85
386.332	-37.85
386.461	45.15
386.59	48.15
386.718	-158.85
386.847	-80.85
386.976	-57.85
387.104	-147.85
387.233	-125.85
387.362	-54.85
387.49	-40.85
387.619	-117.85
387.748	-70.85
387.876	65.15
388.005	-15.85
388.134	89.15
388.262	-195.85
388.391	-117.85
388.52	-7.85
388.648	-141.85
388.777	14.15
388.905	-135.85
389.034	-84.85
389.163	-106.85
389.291	-42.85
389.42	54.15
389.548	38.15
389.677	-38.85
389.805	-36.85
389.934	-16.85
390.063	-130.85
390.191	-163.85
390.32	-111.85
390.448	-94.85
390.577	-134.85
390.705	-160.85
390.834	-60.85
390.962	-136.85
391.091	-113.85
391.22	76.15
391.348	99.15
391.477	-9.85
391.605	-149.85
391.734	-70.85
391.862	-113.85
391.991	-155.85
392.119	-144.85
392.248	-42.85
392.376	-103.85
392.505	-71.85
392.633	-63.85
392.762	173.15
392.89	-173.85
393.018	6.15
393.147	-57.85
393.275	-173.85
393.404	-143.85
393.532	-75.85
393.661	-39.85
393.789	-25.85
393.918	-81.85
394.046	-39.85
394.174	-75.85
394.303	-151.85
394.431	-96.85
394.56	44.15
394.688	-135.85
394.817	-162.85
394.945	55.15
395.073	24.15
395.202	-43.85
395.33	-53.85
395.459	-74.85
395.587	55.15
395.715	20.15
395.844	-33.85
395.972	-207.85
396.1	83.15
396.229	-128.85
396.357	-7.85
396.485	-109.85
396.614	-73.85
396.742	59.15
396.87	-45.85
396.999	1.15
397.127	-139.85
397.255	15.15
397.384	59.15
397.512	-189.85
397.64	-126.85
397.769	-59.85
397.897	33.15
398.025	-90.85
398.154	-15.85
398.282	118.15
398.41	-41.85
398.538	-65.85
398.667	-82.85
398.795	-104.85
398.923	30.15
399.052	-114.85
399.18	-11.85
399.308	-32.85
399.436	106.15
399.565	-149.85
399.693	-9.85
399.821	-40.85
399.949	-75.85
400.078	142.15
400.206	-154.85
400.334	-170.85
400.462	-33.85
400.59	-177.85
400.719	-101.85
400.847	-147.85
400.975	-36.85
401.103	-125.85
401.231	1.15
401.36	-50.85
401.488	-11.85
401.616	-113.85
401.744	-64.85
401.872	-103.85
402	11.15
402.129	-105.85
402.257	-128.85
402.385	-74.85
402.513	-60.85
402.641	-99.85
402.769	-56.85
402.897	-137.85
403.026	-127.85
403.154	-190.85
403.282	-165.85
403.41	-109.85
403.538	108.15
403.666	-158.85
403.794	-82.85
403.922	-26.85
404.05	-40.85
404.179	-49.85
404.307	-20.85
404.435	-122.85
404.563	-137.85
404.691	-179.85
404.819	239.15
404.947	-134.85
405.075	-105.85
405.203	-180.85
405.331	-95.85
405.459	-109.85
405.587	-32.85
405.715	-91.85
405.843	-97.85
405.971	-33.85
406.099	86.15
406.227	-0.85
406.355	-56.85
406.483	-205.85
406.611	31.15
406.739	-139.85
406.867	-135.85
406.995	-88.85
407.123	-56.85
407.251	-190.85
407.379	-164.85
407.507	3.15
407.635	-31.85
407.763	-237.85
407.891	-129.85
408.019	-7.85
408.147	35.15
408.275	92.15
408.403	-161.85
408.531	-158.85
408.659	102.15
408.787	-46.85
408.915	-123.85
409.043	-118.85
409.171	44.15
409.299	1.15
409.427	38.15
409.554	-157.85
409.682	127.15
409.81	-35.85
409.938	-74.85
410.066	12.15
410.194	-25.85
410.322	-131.85
410.45	-93.85
410.578	-158.85
410.705	-134.85
410.833	-48.85
410.961	47.15
411.089	217.15
411.217	-87.85
411.345	-81.85
411.473	-122.85
411.6	-15.85
411.728	-81.85
411.856	-183.85
411.984	-152.85
412.112	-28.85
412.239	-14.85
412.367	-97.85
412.495	52.15
412.623	-117.85
412.751	27.15
412.878	-191.85
413.006	-107.85
413.134	35.15
413.262	119.15
413.39	-43.85
413.517	-15.85
413.645	36.15
413.773	-187.85
413.901	104.15
414.028	-65.85
414.156	-62.85
414.284	-114.85
414.412	5.15
414.539	-82.85
414.667	-97.85
414.795	-98.85
414.923	-219.85
415.05	-79.85
415.178	-25.85
415.306	151.15
415.433	-111.85
415.561	34.15
415.689	28.15
415.816	-105.85
415.944	89.15
416.072	-158.85
416.2	12.15
416.327	142.15
416.455	-150.85
416.583	-120.85
416.71	-83.85
416.838	103.15
416.966	-160.85
417.093	-60.85
417.221	20.15
417.348	-16.85
417.476	-160.85
417.604	-116.85
417.731	-71.85
417.859	37.15
417.987	-45.85
418.114	-139.85
418.242	24.15
418.369	-99.85
418.497	-168.85
418.625	77.15
418.752	-51.85
418.88	-159.85
419.007	82.15
419.135	3.15
419.263	-128.85
419.39	-28.85
419.518	-48.85
419.645	-133.85
419.773	-107.85
419.9	-108.85
420.028	294.15
420.155	-122.85
420.283	1.15
420.41	-8.85
420.538	-114.85
420.666	-47.85
420.793	-88.85
420.921	-97.85
421.048	-41.85
421.176	6.15
421.303	-22.85
421.431	-129.85
421.558	-214.85
421.686	70.15
421.813	-20.85
421.941	-128.85
422.068	-61.85
422.195	33.15
422.323	4.15
422.45	-176.85
422.578	-71.85
422.705	-117.85
422.833	-88.85
422.96	-123.85
423.088	3.15
423.215	215.15
423.343	128.15
423.47	-3.85
423.597	105.15
423.725	-29.85
423.852	-55.85
423.98	-16.85
424.107	-202.85
424.234	-32.85
424.362	-77.85
424.489	-136.85
424.617	216.15
424.744	44.15
424.871	-136.85
424.999	-27.85
425.126	58.15
425.253	5.15
425.381	-78.85
425.508	-124.85
425.636	-9.85
425.763	-109.85
425.89	-115.85
426.018	-161.85
426.145	-55.85
426.272	-56.85
426.4	11.15
426.527	38.15
426.654	-150.85
426.781	-31.85
426.909	-59.85
427.036	-32.85
427.163	-181.85
427.291	-127.85
427.418	-102.85
427.545	-46.85
427.673	-153.85
427.8	-167.85
427.927	-163.85
428.054	-29.85
428.182	-86.85
428.309	-96.85
428.436	-102.85
428.563	-121.85
428.691	-45.85
428.818	-140.85
428.945	23.15
429.072	-142.85
429.2	-9.85
429.327	4.15
429.454	11.15
429.581	-62.85
429.708	-208.85
429.836	-113.85
429.963	-111.85
430.09	-112.85
430.217	-127.85
430.344	-139.85
430.472	-171.85
430.599	-0.85
430.726	-100.85
430.853	-64.85
430.98	-16.85
431.107	-117.85
431.235	-63.85
431.362	-40.85
431.489	-37.85
431.616	106.15
431.743	18.15
431.87	-152.85
431.997	-89.85
432.125	-25.85
432.252	-245.85
432.379	-63.85
432.506	7.15
432.633	-92.85
432.76	-98.85
432.887	57.15
433.014	-96.85
433.141	-103.85
433.268	-3.85
433.395	-114.85
433.523	-30.85
433.65	-100.85
433.777	-128.85
433.904	-59.85
434.031	-191.85
434.158	7.15
434.285	6.15
434.412	-160.85
434.539	-39.85
434.666	-154.85
434.793	-113.85
434.92	-112.85
435.047	17.15
435.174	-68.85
435.301	9.15
435.428	137.15
435.555	94.15
435.682	-43.85
435.809	-125.85
435.936	64.15
436.063	-107.85
436.19	95.15
436.317	-143.85
436.444	6.15
436.571	-88.85
436.698	35.15
436.825	43.15
436.952	11.15
437.079	-24.85
437.206	12.15
437.333	-131.85
437.46	-98.85
437.587	-41.85
437.714	-141.85
437.84	-76.85
437.967	-182.85
438.094	-180.85
438.221	55.15
438.348	-101.85
438.475	3940.15
438.602	-170.85
438.729	-203.85
438.856	-119.85
438.983	-166.85
439.109	3.15
439.236	46.15
439.363	-196.85
439.49	-79.85
439.617	-36.85
439.744	-112.85
439.871	212.15
439.997	-117.85
440.124	34.15
440.251	-44.85
440.378	-97.85
440.505	-75.85
440.632	39.15
440.758	128.15
440.885	134.15
441.012	-138.85
441.139	60.15
441.266	-161.85
441.392	-131.85
441.519	-125.85
441.646	-164.85
441.773	-36.85
441.9	96.15
442.026	-120.85
442.153	-51.85
442.28	-19.85
442.407	-134.85
442.533	31.15
442.66	16.15
442.787	3.15
442.914	-141.85
443.04	-78.85
443.167	-61.85
443.294	-6.85
443.421	-57.85
443.547	-158.85
443.674	-77.85
443.801	-9.85
443.927	15.15
444.054	175.15
444.181	67.15
444.307	64.15
444.434	-93.85
444.561	-186.85
444.688	-181.85
444.814	42.15
444.941	-129.85
445.068	-167.85
445.194	126.15
445.321	-109.85
445.447	56.15
445.574	-160.85
445.701	-140.85
445.827	-53.85
445.954	-207.85
446.081	-10.85
446.207	-136.85
446.334	-30.85
446.461	-117.85
446.587	-209.85
446.714	-9.85
446.84	123.15
446.967	-163.85
447.094	-116.85
447.22	71.15
447.347	-70.85
447.473	-165.85
447.6	-59.85
447.726	-132.85
447.853	6.15
447.98	-72.85
448.106	-37.85
448.233	-32.85
448.359	-67.85
448.486	-12.85
448.612	-68.85
448.739	50.15
448.865	170.15
448.992	287.15
449.118	406.15
449.245	1401.15
449.371	2924.15
449.498	4655.15
449.624	6345.15
449.751	7658.15
449.877	8612.15
450.004	9402.15
450.13	9897.15
450.257	9336.15
450.383	7651.15
450.51	5098.15
450.636	2954.15
450.763	1232.15
450.889	387.15
451.016	-58.85
451.142	105.15
451.269	-39.85
451.395	232.15
451.521	-73.85
451.648	-88.85
451.774	29.15
451.901	-131.85
452.027	-83.85
452.154	67.15
452.28	-36.85
452.406	-85.85
452.533	-151.85
452.659	-141.85
452.785	-87.85
452.912	-102.85
453.038	-183.85
453.165	-29.85
453.291	56.15
453.417	110.15
453.544	-171.85
453.67	-124.85
453.796	45.15
453.923	-173.85
454.049	-131.85
454.175	-118.85
454.302	-88.85
454.428	23.15
454.554	-100.85
454.681	-133.85
454.807	-120.85
454.933	184.15
455.06	-57.85
455.186	-126.85
455.312	53.15
455.439	43.15
455.565	-213.85
455.691	-59.85
455.817	-9.85
455.944	72.15
456.07	-114.85
456.196	-26.85
456.322	-201.85
456.449	-142.85
456.575	-129.85
456.701	-131.85
456.827	-141.85
456.954	-134.85
457.08	-143.85
457.206	-184.85
457.332	-33.85
457.459	-160.85
457.585	-144.85
457.711	-145.85
457.837	24.15
457.963	-44.85
458.09	-129.85
458.216	-139.85
458.342	-87.85
458.468	-45.85
458.594	-71.85
458.721	-49.85
458.847	-25.85
458.973	-138.85
459.099	-108.85
459.225	-160.85
459.351	-61.85
459.477	-6.85
459.604	-148.85
459.73	-106.85
459.856	-136.85
459.982	-44.85
460.108	-221.85
460.234	-247.85
460.36	-72.85
460.486	5.15
460.613	-170.85
460.739	25.15
460.865	-113.85
460.991	151.15
461.117	50.15
461.243	-149.85
461.369	-157.85
461.495	-122.85
461.621	-98.85
461.747	-42.85
461.873	-19.85
461.999	-113.85
462.125	-84.85
462.252	30.15
462.378	-59.85
462.504	17.15
462.63	-68.85
462.756	-175.85
462.882	-147.85
463.008	-56.85
463.134	-19.85
463.26	-184.85
463.386	-82.85
463.512	-11.85
463.638	-139.85
463.764	-188.85
463.89	-57.85
464.016	52.15
464.142	-33.85
464.268	-137.85
464.394	-82.85
464.52	-154.85
464.645	-50.85
464.771	-7.85
464.897	-107.85
465.023	-85.85
465.149	-87.85
465.275	-169.85
465.401	-134.85
465.527	48.15
465.653	-110.85
465.779	24.15
465.905	-161.85
466.031	-37.85
466.157	-151.85
466.282	-135.85
466.408	-129.85
466.534	-33.85
466.66	-239.85
466.786	-91.85
466.912	-20.85
467.038	-18.85
467.164	-88.85
467.289	-127.85
467.415	-76.85
467.541	-53.85
467.667	-112.85
467.793	-115.85
467.919	7.15
468.045	120.15
468.17	-148.85
468.296	-59.85
468.422	-90.85
468.548	43.15
468.674	-207.85
468.799	-135.85
468.925	-92.85
469.051	-142.85
469.177	-191.85
469.303	-230.85
469.428	8.15
469.554	-109.85
469.68	-141.85
469.806	-10.85
469.931	-66.85
470.057	201.15
470.183	-269.85
470.309	-135.85
470.434	99.15
470.56	-28.85
470.686	-64.85
470.812	-74.85
470.937	-135.85
471.063	-113.85
471.189	-19.85
471.315	25.15
471.44	-47.85
471.566	-83.85
471.692	14.15
471.817	-142.85
471.943	-49.85
472.069	-14.85
472.194	-102.85
472.32	-121.85
472.446	-18.85
472.571	-88.85
472.697	-140.85
472.823	-56.85
472.948	-128.85
473.074	-45.85
473.2	-126.85
473.325	-161.85
473.451	-80.85
473.577	-67.85
473.702	-214.85
473.828	-90.85
473.953	-164.85
474.079	-11.85
474.205	-190.85
474.33	-168.85
474.456	-115.85
474.581	99.15
474.707	-141.85
474.833	-147.85
474.958	-14.85
475.084	34.15
475.209	-104.85
475.335	-119.85
475.46	-20.85
475.586	-64.85
475.712	-21.85
475.837	-76.85
475.963	-65.85
476.088	-179.85
476.214	-165.85
476.339	-99.85
476.465	-109.85
476.59	-158.85
476.716	62.15
476.841	-164.85
476.967	158.15
477.092	-111.85
477.218	-67.85
477.343	-157.85
477.469	136.15
477.594	-100.85
477.72	-180.85
477.845	-58.85
477.971	-92.85
478.096	-20.85
478.222	-89.85
478.347	1558.15
478.472	39.15
478.598	-91.85
478.723	-152.85
478.849	-15.85
478.974	-12.85
479.1	-111.85
479.225	-95.85
479.35	-140.85
479.476	-10.85
479.601	-128.85
479.727	15.15
479.852	-147.85
479.977	-12.85
480.103	-63.85
480.228	83.15
480.354	-99.85
480.479	56.15
480.604	-90.85
480.73	-159.85
480.855	-238.85
480.98	75.15
481.106	-142.85
481.231	-221.85
481.356	-125.85
481.482	-220.85
481.607	-151.85
481.732	-270.85
481.858	-111.85
481.983	-119.85
482.108	-102.85
482.234	-172.85
482.359	-112.85
482.484	79.15
482.61	-151.85
482.735	-81.85
482.86	-182.85
482.985	-78.85
483.111	-66.85
483.236	-43.85
483.361	-130.85
483.486	-128.85
483.612	54.15
483.737	-238.85
483.862	-56.85
483.987	-32.85
484.113	-157.85
484.238	-23.85
484.363	-174.85
484.488	-113.85
484.614	-2.85
484.739	-109.85
484.864	37.15
484.989	239.15
485.114	-17.85
485.24	-104.85
485.365	-108.85
485.49	-208.85
485.615	29.15
485.74	-91.85
485.865	-56.85
485.991	-8.85
486.116	-3.85
486.241	-185.85
486.366	-174.85
486.491	-6.85
486.616	-79.85
486.742	-125.85
486.867	-65.85
486.992	-169.85
487.117	-144.85
487.242	-173.85
487.367	-218.85
487.492	-75.85
487.617	-0.85
487.742	-94.85
487.868	-172.85
487.993	-31.85
488.118	-19.85
488.243	-45.85
488.368	-134.85
488.493	-200.85
488.618	-91.85
488.743	-152.85
488.868	-157.85
488.993	-80.85
489.118	9.15
489.243	-85.85
489.368	-145.85
489.493	28.15
489.618	-50.85
489.743	-139.85
489.868	-77.85
489.993	-73.85
490.118	-189.85
490.243	193.15
490.368	-110.85
490.493	5.15
490.618	21.15
490.743	-208.85
490.868	-35.85
490.993	-50.85
491.118	25.15
491.243	-145.85
491.368	-54.85
491.493	13.15
491.618	-44.85
491.743	-108.85
491.868	-116.85
491.993	-106.85
492.118	-104.85
492.243	-58.85
492.368	-20.85
492.493	-102.85
492.618	102.15
492.743	-153.85
492.867	34.15
492.992	-22.85
493.117	-3.85
493.242	-141.85
493.367	-48.85
493.492	43.15
493.617	-100.85
493.742	61.15
493.867	-121.85
493.991	-166.85
494.116	-46.85
494.241	-101.85
494.366	-96.85
494.491	-26.85
494.616	72.15
494.74	-139.85
494.865	-195.85
494.99	-86.85
495.115	-80.85
495.24	-74.85
495.365	-139.85
495.489	-79.85
495.614	-0.85
495.739	-110.85
495.864	-84.85
495.989	-211.85
496.113	38.15
496.238	-49.85
496.363	-127.85
496.488	-150.85
496.612	39.15
496.737	-143.85
496.862	-96.85
496.987	-118.85
497.111	-119.85
497.236	-164.85
497.361	-142.85
497.486	78.15
497.61	41.15
497.735	-112.85
497.86	-10.85
497.984	-13.85
498.109	-148.85
498.234	-170.85
498.359	-119.85
498.483	-62.85
498.608	-50.85
498.733	-110.85
498.857	-148.85
498.982	-56.85
499.107	-155.85
499.231	-74.85
499.356	-100.85
499.481	59.15
499.605	-259.85
499.73	-213.85
499.855	-13.85
499.979	-115.85
500.104	-88.85
500.228	102.15
500.353	-113.85
500.478	-133.85
500.602	-57.85
500.727	44.15
500.852	-30.85
500.976	-210.85
501.101	-100.85
501.225	76.15
501.35	-155.85
501.474	-133.85
501.599	30.15
501.724	-78.85
501.848	-91.85
501.973	79.15
502.097	-133.85
502.222	-193.85
502.346	-33.85
502.471	-73.85
502.595	-105.85
502.72	-172.85
502.844	-148.85
502.969	-85.85
503.094	100.15
503.218	-201.85
503.343	-137.85
503.467	-147.85
503.592	-70.85
503.716	-112.85
503.841	-39.85
503.965	100.15
504.089	-63.85
504.214	-167.85
504.338	-108.85
504.463	27.15
504.587	-5.85
504.712	-64.85
504.836	-75.85
504.961	140.15
505.085	63.15
505.21	-130.85
505.334	-86.85
505.458	131.15
505.583	-155.85
505.707	-52.85
505.832	-110.85
505.956	-58.85
506.08	-109.85
506.205	-160.85
506.329	105.15
506.454	-175.85
506.578	-61.85
506.702	-151.85
506.827	88.15
506.951	-7.85
507.076	-56.85
507.2	-154.85
507.324	3.15
507.449	51.15
507.573	-91.85
507.697	-132.85
507.822	-84.85
507.946	-74.85
508.07	-220.85
508.195	-99.85
508.319	-78.85
508.443	-12.85
508.567	-184.85
508.692	-161.85
508.816	-171.85
508.94	-25.85
509.065	-210.85
509.189	-33.85
509.313	-34.85
509.437	14.15
509.562	-141.85
509.686	-103.85
509.81	-126.85
509.935	-29.85
510.059	97.15
510.183	-157.85
510.307	-145.85
510.431	2.15
510.556	-55.85
510.68	-120.85
510.804	-196.85
510.928	-51.85
511.053	-173.85
511.177	-201.85
511.301	-99.85
511.425	-113.85
511.549	-42.85
511.674	-60.85
511.798	-71.85
511.922	-32.85
512.046	104.15
512.17	-111.85
512.294	-137.85
512.419	-12.85
512.543	17.15
512.667	-90.85
512.791	-120.85
512.915	-46.85
513.039	-73.85
513.163	-39.85
513.288	55.15
513.412	-132.85
513.536	65.15
513.66	-122.85
513.784	-102.85
513.908	-25.85
514.032	-60.85
514.156	3.15
514.28	28.15
514.404	-60.85
514.528	-74.85
514.653	-45.85
514.777	38.15
514.901	-13.85
515.025	90.15
515.149	-90.85
515.273	-21.85
515.397	-69.85
515.521	-49.85
515.645	-105.85
515.769	-130.85
515.893	-82.85
516.017	-92.85
516.141	-212.85
516.265	-91.85
516.389	-122.85
516.513	-69.85
516.637	-140.85
516.761	-211.85
516.885	-96.85
517.009	-51.85
517.133	-124.85
517.257	-100.85
517.381	36.15
517.505	15.15
517.629	30.15
517.753	-73.85
517.877	-136.85
518.001	-75.85
518.125	-127.85
518.248	-24.85
518.372	-65.85
518.496	-146.85
518.62	-53.85
518.744	-75.85
518.868	-17.85
518.992	-46.85
519.116	-166.85
519.24	167.15
519.364	44.15
519.488	-79.85
519.611	-227.85
519.735	-81.85
519.859	-82.85
519.983	42.15
520.107	-148.85
520.231	47.15
520.355	-38.85
520.478	-90.85
520.602	-140.85
520.726	47.15
520.85	-113.85
520.974	33.15
521.098	-154.85
521.221	-149.85
521.345	46.15
521.469	-117.85
521.593	-105.85
521.717	9.15
521.84	-58.85
521.964	-121.85
522.088	-114.85
522.212	-51.85
522.335	-206.85
522.459	-98.85
522.583	111.15
522.707	-170.85
522.83	-187.85
522.954	-160.85
523.078	-125.85
523.202	-0.85
523.325	-97.85
523.449	-67.85
523.573	-89.85
523.697	-119.85
523.82	-87.85
523.944	-48.85
524.068	-105.85
524.191	-112.85
524.315	-186.85
524.439	-69.85
524.562	-33.85
524.686	-103.85
524.81	-155.85
524.933	-68.85
525.057	-103.85
525.181	-60.85
525.304	-157.85
525.428	80.15
525.552	-166.85
525.675	-52.85
525.799	-121.85
525.923	-27.85
526.046	-42.85
526.17	-215.85
526.293	-130.85
526.417	-27.85
526.541	-9.85
526.664	-104.85
526.788	-84.85
526.911	-6.85
527.035	-200.85
527.159	-92.85
527.282	-121.85
527.406	-121.85
527.529	-35.85
527.653	-202.85
527.776	-29.85
527.9	-79.85
528.024	-126.85
528.147	-84.85
528.271	32.15
528.394	43.15
528.518	34.15
528.641	-203.85
528.765	-67.85
528.888	-38.85
529.012	-70.85
529.135	-137.85
529.259	67.15
529.382	-52.85
529.506	-148.85
529.629	-14.85
529.753	-169.85
529.876	88.15
530	32.15
530.123	-66.85
530.247	-123.85
530.37	-108.85
530.493	-66.85
530.617	-136.85
530.74	7.15
530.864	37.15
530.987	-184.85
531.111	-5.85
531.234	-109.85
531.357	60.15
531.481	3.15
531.604	51.15
531.728	-166.85
531.851	-18.85
531.974	-22.85
532.098	-105.85
532.221	-121.85
532.345	-78.85
532.468	-198.85
532.591	95.15
532.715	-74.85
532.838	-109.85
532.961	-97.85
533.085	-121.85
533.208	-64.85
533.331	-160.85
533.455	-14.85
533.578	-104.85
533.701	-40.85
533.825	76.15
533.948	-154.85
534.071	-113.85
534.195	-32.85
534.318	-125.85
534.441	-166.85
534.564	-5.85
534.688	-98.85
534.811	40.15
534.934	-96.85
535.058	-41.85
535.181	54.15
535.304	24.15
535.427	-139.85
535.551	-183.85
535.674	-92.85
535.797	5.15
535.92	1.15
536.043	-160.85
536.167	-151.85
536.29	0.15
536.413	-58.85
536.536	-168.85
536.66	-110.85
536.783	-10.85
536.906	-85.85
537.029	-136.85
537.152	-100.85
537.275	-71.85
537.399	76.15
537.522	-196.85
537.645	-53.85
537.768	-69.85
537.891	-36.85
538.014	-65.85
538.138	-125.85
538.261	-74.85
538.384	-61.85
538.507	-210.85
538.63	-71.85
538.753	104.15
538.876	-31.85
538.999	-127.85
539.123	-29.85
539.246	116.15
539.369	130.15
539.492	-106.85
539.615	-147.85
539.738	107.15
539.861	-115.85
539.984	-85.85
540.107	-25.85
540.23	-82.85
540.353	-158.85
540.476	-227.85
540.599	-67.85
540.722	-148.85
540.846	-89.85
540.969	-197.85
541.092	-54.85
541.215	-118.85
541.338	-79.85
541.461	-170.85
541.584	-78.85
541.707	-72.85
541.83	-133.85
541.953	-76.85
542.076	8.15
542.199	-43.85
542.322	53.15
542.445	54.15
542.567	-103.85
542.69	-34.85
542.813	-146.85
542.936	-24.85
543.059	-54.85
543.182	185.15
543.305	38.15
543.428	-30.85
543.551	-74.85
543.674	117.15
543.797	-38.85
543.92	-77.85
544.043	177.15
544.166	-130.85
544.288	-82.85
544.411	-44.85
544.534	-121.85
544.657	-52.85
544.78	-139.85
544.903	-56.85
545.026	-57.85
545.149	-116.85
545.271	-168.85
545.394	-100.85
545.517	-166.85
545.64	218.15
545.763	-96.85
545.886	-123.85
546.008	-30.85
546.131	25.15
546.254	-75.85
546.377	-171.85
546.5	39.15
546.623	28.15
546.745	-152.85
546.868	-112.85
546.991	44.15
547.114	-26.85
547.236	-95.85
547.359	-129.85
547.482	29.15
547.605	-81.85
547.728	-136.85
547.85	-169.85
547.973	-111.85
548.096	-43.85
548.219	-43.85
548.341	-92.85
548.464	-149.85
548.587	-47.85
548.709	-108.85
548.832	-40.85
548.955	141.15
549.078	35.15
549.2	-132.85
549.323	-93.85
549.446	175.15
549.568	-32.85
549.691	-44.85
549.814	-13.85
549.936	-112.85
550.059	-48.85
550.182	-146.85
550.304	-186.85
550.427	-28.85
550.55	-94.85
550.672	-147.85
550.795	149.15
550.917	-117.85
551.04	-36.85
551.163	-44.85
551.285	14.15
551.408	54.15
551.531	218.15
551.653	-170.85
551.776	-27.85
551.898	-13.85
552.021	-14.85
552.143	-92.85
552.266	-106.85
552.389	-36.85
552.511	-143.85
552.634	-181.85
552.756	-139.85
552.879	131.15
553.001	55.15
553.124	-196.85
553.246	-122.85
553.369	73.15
553.492	-41.85
553.614	7.15
553.737	-245.85
553.859	23.15
553.982	34.15
554.104	-90.85
554.227	-168.85
554.349	-62.85
554.472	-43.85
554.594	-253.85
554.716	47.15
554.839	42.15
554.961	-7.85
555.084	-189.85
555.206	-41.85
555.329	-139.85
555.451	-131.85
555.574	-12.85
555.696	-178.85
555.819	-43.85
555.941	-57.85
556.063	-34.85
556.186	-93.85
556.308	-40.85
556.431	163.15
556.553	-29.85
556.675	-145.85
556.798	-50.85
556.92	33.15
557.043	-151.85
557.165	-189.85
557.287	42.15
557.41	-43.85
557.532	-57.85
557.654	-104.85
557.777	66.15
557.899	-39.85
558.021	-54.85
558.144	31.15
558.266	52.15
558.388	189.15
558.511	-123.85
558.633	-66.85
558.755	-105.85
558.878	-99.85
559	-13.85
559.122	-209.85
559.244	-84.85
559.367	-31.85
559.489	-8.85
559.611	52.15
559.734	-20.85
559.856	-38.85
559.978	-79.85
560.1	-67.85
560.223	-64.85
560.345	122.15
560.467	-186.85
560.589	-72.85
560.712	-47.85
560.834	141.15
560.956	-167.85
561.078	-93.85
561.2	7.15
561.323	57.15
561.445	-199.85
561.567	-105.85
561.689	-99.85
561.811	25.15
561.934	-124.85
562.056	-80.85
562.178	-6.85
562.3	-41.85
562.422	-7.85
562.544	-107.85
562.666	81.15
562.789	31.15
562.911	-67.85
563.033	-35.85
563.155	51.15
563.277	-76.85
563.399	-245.85
563.521	-139.85
563.643	-90.85
563.766	-45.85
563.888	20.15
564.01	-72.85
564.132	-117.85
564.254	-146.85
564.376	19.15
564.498	-56.85
564.62	120.15
564.742	-16.85
564.864	-253.85
564.986	-59.85
565.108	178.15
565.23	-115.85
565.352	-46.85
565.474	-61.85
565.597	162.15
565.719	129.15
565.841	-161.85
565.963	-80.85
566.085	-17.85
566.207	-50.85
566.329	21.15
566.451	13.15
566.573	-67.85
566.695	-42.85
566.817	92.15
566.938	-177.85
567.06	-67.85
567.182	-7.85
567.304	-88.85
567.426	-186.85
567.548	59.15
567.67	-36.85
567.792	-63.85
567.914	-138.85
568.036	-5.85
568.158	-27.85
568.28	-155.85
568.402	-1.85
568.524	-62.85
568.646	-106.85
568.767	-127.85
568.889	1.15
569.011	-28.85
569.133	-83.85
569.255	-206.85
569.377	-162.85
569.499	-25.85
569.621	-54.85
569.742	81.15
569.864	26.15
569.986	174.15
570.108	61.15
570.23	-188.85
570.352	43.15
570.473	-11.85
570.595	-37.85
570.717	-196.85
570.839	-90.85
570.961	45.15
571.082	-43.85
571.204	-146.85
571.326	-129.85
571.448	80.15
571.57	96.15
571.691	-74.85
571.813	-71.85
571.935	83.15
572.057	-38.85
572.178	-128.85
572.3	44.15
572.422	115.15
572.544	139.15
572.665	-141.85
572.787	-130.85
572.909	70.15
573.031	65.15
573.152	-157.85
573.274	-37.85
573.396	29.15
573.517	8.15
573.639	-239.85
573.761	-134.85
573.882	-24.85
574.004	73.15
574.126	-181.85
574.247	-10.85
574.369	-14.85
574.491	-4.85
574.612	-166.85
574.734	-61.85
574.856	-21.85
574.977	50.15
575.099	-74.85
575.221	-75.85
575.342	-30.85
575.464	-8.85
575.585	-35.85
575.707	-131.85
575.829	117.15
575.95	78.15
576.072	-111.85
576.193	-147.85
576.315	-8.85
576.437	-42.85
576.558	-124.85
576.68	-99.85
576.801	195.15
576.923	-105.85
577.044	35.15
577.166	-232.85
577.287	6.15
577.409	-24.85
577.531	-96.85
577.652	-55.85
577.774	-158.85
577.895	-18.85
578.017	-171.85
578.138	-129.85
578.26	-27.85
578.381	46.15
578.503	-143.85
578.624	-126.85
578.746	-140.85
578.867	-76.85
578.988	-85.85
579.11	86.15
579.231	29.15
579.353	-33.85
579.474	-96.85
579.596	-112.85
579.717	66.15
579.839	5.15
579.96	-244.85
580.081	-49.85
580.203	-33.85
580.324	3.15
580.446	-46.85
580.567	-104.85
580.688	150.15
580.81	-87.85
580.931	-105.85
581.053	-215.85
581.174	-36.85
581.295	-33.85
581.417	-50.85
581.538	-19.85
581.659	54.15
581.781	-0.85
581.902	-144.85
582.024	-162.85
582.145	-155.85
582.266	-100.85
582.388	-121.85
582.509	-169.85
582.63	-57.85
582.751	-72.85
582.873	-142.85
582.994	-97.85
583.115	-38.85
583.237	7.15
583.358	-132.85
583.479	-209.85
583.6	88.15
583.722	-9.85
583.843	-164.85
583.964	23.15
584.086	-89.85
584.207	35.15
584.328	-161.85
584.449	-35.85
584.57	8.15
584.692	-21.85
584.813	392.15
584.934	-48.85
585.055	-106.85
585.177	37.15
585.298	-88.85
585.419	-163.85
585.54	118.15
585.661	19.15
585.783	-40.85
585.904	-144.85
586.025	98.15
586.146	-104.85
586.267	-165.85
586.388	-49.85
586.51	161.15
586.631	-95.85
586.752	-204.85
586.873	-112.85
586.994	-141.85
587.115	-118.85
587.236	-164.85
587.357	-201.85
587.479	-74.85
587.6	11.15
587.721	-143.85
587.842	-134.85
587.963	116.15
588.084	119.15
588.205	-171.85
588.326	-121.85
588.447	-44.85
588.568	-26.85
588.689	-54.85
588.81	-38.85
588.931	-52.85
589.052	-75.85
589.174	-158.85
589.295	-56.85
589.416	-4.85
589.537	80.15
589.658	-112.85
589.779	-160.85
589.9	75.15
590.021	-51.85
590.142	-105.85
590.263	-232.85
590.384	-14.85
590.505	128.15
590.626	-174.85
590.747	-46.85
590.867	16.15
590.988	50.15
591.109	-113.85
591.23	8.15
591.351	34.15
591.472	13.15
591.593	-112.85
591.714	-63.85
591.835	-96.85
591.956	-38.85
592.077	-184.85
592.198	-63.85
592.319	4.15
592.44	44.15
592.56	-129.85
592.681	-196.85
592.802	2.15
592.923	-31.85
593.044	-178.85
593.165	-165.85
593.286	49.15
593.407	-70.85
593.527	-5.85
593.648	-152.85
593.769	32.15
593.89	74.15
594.011	-50.85
594.132	-175.85
594.252	-51.85
594.373	-102.85
594.494	-224.85
594.615	-96.85
594.736	-47.85
594.856	86.15
594.977	-179.85
595.098	-56.85
595.219	-126.85
595.34	-1.85
595.46	-216.85
595.581	93.15
595.702	-33.85
595.823	-149.85
595.943	-89.85
596.064	-79.85
596.185	97.15
596.306	-166.85
596.426	-129.85
596.547	-177.85
596.668	34.15
596.788	17.15
596.909	-82.85
597.03	-55.85
597.151	-20.85
597.271	-60.85
597.392	-97.85
597.513	-63.85
597.633	24.15
597.754	16.15
597.875	-145.85
597.995	71.15
598.116	-14.85
598.237	-52.85
598.357	-149.85
598.478	-136.85
598.599	165.15
598.719	-49.85
598.84	-183.85
598.96	-142.85
599.081	-42.85
599.202	-37.85
599.322	-164.85
599.443	-168.85
599.563	4.15
599.684	82.15
599.805	-143.85
599.925	-204.85
600.046	136.15
600.166	-51.85
600.287	-63.85
600.407	-76.85
600.528	53.15
600.649	12.15
600.769	-89.85
600.89	-161.85
601.01	42.15
601.131	-45.85
601.251	53.15
601.372	-90.85
601.492	-66.85
601.613	-91.85
601.733	-97.85
601.854	153.15
601.974	227.15
602.095	132.15
602.215	-177.85
602.336	-175.85
602.456	125.15
602.577	-77.85
602.697	333.15
602.817	-6.85
602.938	-34.85
603.058	42.15
603.179	-176.85
603.299	-137.85
603.42	-119.85
603.54	42.15
603.66	-159.85
603.781	-101.85
603.901	-54.85
604.022	83.15
604.142	-114.85
604.262	-75.85
604.383	-120.85
604.503	93.15
604.624	-142.85
604.744	-66.85
604.864	46.15
604.985	-56.85
605.105	-56.85
605.225	-85.85
605.346	-16.85
605.466	76.15
605.586	89.15
605.707	157.15
605.827	-117.85
605.947	-48.85
606.068	-80.85
606.188	-81.85
606.308	-84.85
606.429	84.15
606.549	-145.85
606.669	-178.85
606.789	-98.85
606.91	38.15
607.03	-136.85
607.15	-126.85
607.27	-9.85
607.391	65.15
607.511	-132.85
607.631	-134.85
607.751	133.15
607.872	30.15
607.992	-176.85
608.112	14.15
608.232	-109.85
608.353	-108.85
608.473	-94.85
608.593	58.15
608.713	179.15
608.833	2.15
608.954	-133.85
609.074	-130.85
609.194	-110.85
609.314	157.15
609.434	-25.85
609.554	-60.85
609.675	111.15
609.795	-64.85
609.915	-152.85
610.035	133.15
610.155	-24.85
610.275	-41.85
610.395	-12.85
610.516	-167.85
610.636	-25.85
610.756	45.15
610.876	-3.85
610.996	-153.85
611.116	84.15
611.236	-129.85
611.356	-140.85
611.476	-60.85
611.596	-39.85
611.716	107.15
611.836	-161.85
611.957	-168.85
612.077	-24.85
612.197	21.15
612.317	-126.85
612.437	47.15
612.557	86.15
612.677	-25.85
612.797	-99.85
612.917	-140.85
613.037	20.15
613.157	-23.85
613.277	-56.85
613.397	70.15
613.517	104.15
613.637	-65.85
613.757	-61.85
613.877	-124.85
613.997	86.15
614.117	-71.85
614.237	-106.85
614.356	-48.85
614.476	61.15
614.596	46.15
614.716	-109.85
614.836	-92.85
614.956	27.15
615.076	26.15
615.196	-159.85
615.316	-62.85
615.436	18.15
615.556	151.15
615.676	94.15
615.795	-29.85
615.915	-12.85
616.035	-64.85
616.155	-92.85
616.275	-172.85
616.395	-53.85
616.515	51.15
616.635	-183.85
616.754	-224.85
616.874	42.15
616.994	15.15
617.114	99.15
617.234	37.15
617.354	25.15
617.473	248.15
617.593	-125.85
617.713	-99.85
617.833	22.15
617.953	29.15
618.072	-267.85
618.192	-98.85
618.312	98.15
618.432	113.15
618.551	-165.85
618.671	-132.85
618.791	64.15
618.911	-3.85
619.03	-99.85
619.15	-64.85
619.27	-49.85
619.39	-90.85
619.509	-90.85
619.629	-78.85
619.749	-94.85
619.868	6.15
619.988	-202.85
620.108	-114.85
620.228	414.15
620.347	10.15
620.467	-136.85
620.587	-141.85
620.706	96.15
620.826	-51.85
620.946	-120.85
621.065	3.15
621.185	209.15
621.305	-58.85
621.424	-76.85
621.544	-212.85
621.663	67.15
621.783	-42.85
621.903	107.15
622.022	-168.85
622.142	-20.85
622.261	127.15
622.381	-71.85
622.501	3.15
622.62	-42.85
622.74	-14.85
622.859	-128.85
622.979	58.15
623.099	-50.85
623.218	35.15
623.338	59.15
623.457	-26.85
623.577	-43.85
623.696	26.15
623.816	-191.85
623.935	-119.85
624.055	-73.85
624.174	14.15
624.294	-99.85
624.413	-182.85
624.533	69.15
624.652	77.15
624.772	-145.85
624.891	-198.85
625.011	53.15
625.13	-18.85
625.25	-205.85
625.369	-124.85
625.489	-29.85
625.608	-96.85
625.728	-69.85
625.847	-92.85
625.966	-73.85
626.086	-86.85
626.205	-162.85
626.325	-62.85
626.444	-24.85
626.564	152.15
626.683	7.15
626.802	35.15
626.922	122.15
627.041	69.15
627.161	-66.85
627.28	22.15
627.399	56.15
627.519	-0.85
627.638	-213.85
627.757	-160.85
627.877	-26.85
627.996	0.15
628.115	-45.85
628.235	-15.85
628.354	-127.85
628.473	-2.85
628.593	0.15
628.712	-48.85
628.831	0.15
628.951	-128.85
629.07	28.15
629.189	-45.85
629.309	3.15
629.428	206.15
629.547	-180.85
629.666	-25.85
629.786	-5.85
629.905	-96.85
630.024	-0.85
630.143	-45.85
630.263	-36.85
630.382	180.15
630.501	-146.85
630.62	-102.85
630.74	-128.85
630.859	71.15
630.978	-101.85
631.097	-181.85
631.216	-79.85
631.336	186.15
631.455	-128.85
631.574	-98.85
631.693	15.15
631.812	-1.85
631.932	-229.85
632.051	22.15
632.17	252.15
632.289	72.15
632.408	-133.85
632.527	-121.85
632.646	45.15
632.766	-36.85
632.885	79.15
633.004	-207.85
633.123	-18.85
633.242	-27.85
633.361	311.15
633.48	-155.85
633.599	-50.85
633.718	127.15
633.838	-78.85
633.957	-173.85
634.076	16.15
634.195	-10.85
634.314	-38.85
634.433	-31.85
634.552	-43.85
634.671	4.15
634.79	72.15
634.909	23.15
635.028	-34.85
635.147	49.15
635.266	-143.85
635.385	-53.85
635.504	-98.85
635.623	30.15
635.742	-182.85
635.861	-199.85
635.98	24.15
636.099	-20.85
636.218	-123.85
636.337	-78.85
636.456	190.15
636.575	60.15
636.694	-68.85
636.813	-196.85
636.932	-109.85
637.051	21.15
637.17	-237.85
637.289	-55.85
637.408	-120.85
637.526	33.15
637.645	-252.85
637.764	-179.85
637.883	-27.85
638.002	106.15
638.121	139.15
638.24	-120.85
638.359	113.15
638.478	-25.85
638.597	-162.85
638.715	173.15
638.834	-21.85
638.953	93.15
639.072	-153.85
639.191	-225.85
639.31	88.15
639.428	11.15
639.547	-77.85
639.666	-2.85
639.785	16.15
639.904	36.15
640.023	-187.85
640.141	-116.85
640.26	-17.85
640.379	83.15
640.498	-241.85
640.616	-64.85
640.735	-26.85
640.854	93.15
640.973	-179.85
641.092	-49.85
641.21	3.15
641.329	11.15
641.448	-35.85
641.567	134.15
641.685	-25.85
641.804	-2.85
641.923	-92.85
642.041	-146.85
642.16	-32.85
642.279	135.15
642.398	-98.85
642.516	-144.85
642.635	106.15
642.754	-31.85
642.872	6.15
642.991	10.15
643.11	-67.85
643.228	-59.85
643.347	-221.85
643.466	-188.85
643.584	26.15
643.703	220.15
643.821	-100.85
643.94	-48.85
644.059	63.15
644.177	96.15
644.296	-182.85
644.415	-128.85
644.533	18.15
644.652	71.15
644.77	-207.85
644.889	-175.85
645.008	114.15
645.126	-77.85
645.245	-10.85
645.363	-10.85
645.482	40.15
645.6	-10.85
645.719	-144.85
645.837	-119.85
645.956	34.15
646.074	-82.85
646.193	-124.85
646.312	-1.85
646.43	130.15
646.549	204.15
646.667	-258.85
646.786	-191.85
646.904	92.15
647.023	65.15
647.141	-163.85
647.26	-9.85
647.378	292.15
647.496	-24.85
647.615	-90.85
647.733	-67.85
647.852	178.15
647.97	-14.85
648.089	-28.85
648.207	-38.85
648.326	111.15
648.444	-31.85
648.562	-107.85
648.681	-65.85
648.799	-15.85
648.918	41.15
649.036	-92.85
649.154	-141.85
649.273	97.15
649.391	-13.85
649.51	-182.85
649.628	-163.85
649.746	198.15
649.865	-9.85
649.983	-160.85
650.101	-82.85
650.22	2.15
650.338	-2.85
650.456	-129.85
650.575	-129.85
650.693	-103.85
650.811	69.15
650.93	-182.85
651.048	481.15
651.166	212.15
651.285	20.15
651.403	-7.85
651.521	-67.85
651.639	22.15
651.758	106.15
651.876	67.15
651.994	-155.85
652.112	128.15
652.231	49.15
652.349	-160.85
652.467	-243.85
652.585	7.15
652.704	69.15
652.822	-228.85
652.94	-206.85
653.058	9.15
653.176	-44.85
653.295	-99.85
653.413	-38.85
653.531	-58.85
653.649	9.15
653.767	-188.85
653.886	-201.85
654.004	-58.85
654.122	148.15
654.24	-213.85
654.358	-196.85
654.476	17.15
654.594	161.15
654.713	-125.85
654.831	-221.85
654.949	-7.85
655.067	65.15
655.185	-202.85
655.303	-123.85
655.421	2.15
655.539	134.15
655.658	-81.85
655.776	-102.85
655.894	90.15
656.012	155.15
656.13	-246.85
656.248	-122.85
656.366	-47.85
656.484	-8.85
656.602	-167.85
656.72	-147.85
656.838	44.15
656.956	4.15
657.074	-68.85
657.192	-74.85
657.31	-75.85
657.428	-2.85
657.546	-86.85
657.664	-75.85
657.782	27.15
657.9	106.15
658.018	-122.85
658.136	-120.85
658.254	93.15
658.372	126.15
658.49	-163.85
658.608	-155.85
658.726	48.15
658.844	57.15
658.962	-162.85
659.08	-232.85
659.198	54.15
659.316	75.15
