Data from 400_HR4D30811__0__05.txt Node

197.25	-1539.15
197.385	-1539.15
197.519	-1539.15
197.653	-1442.15
197.787	233.85
197.922	-183.15
198.056	97.85
198.19	-20.15
198.324	42.85
198.459	-285.15
198.593	593.85
198.727	-57.15
198.861	-127.15
198.996	296.85
199.13	-381.15
199.264	-292.15
199.398	-44.15
199.533	358.85
199.667	176.85
199.801	-120.15
199.935	-354.15
200.07	-63.15
200.204	-31.15
200.338	-229.15
200.472	-218.15
200.606	-445.15
200.741	-233.15
200.875	-206.15
201.009	-165.15
201.143	-356.15
201.277	104.85
201.412	81.85
201.546	310.85
201.68	268.85
201.814	-270.15
201.948	67.85
202.082	-93.15
202.217	-432.15
202.351	-156.15
202.485	-117.15
202.619	-304.15
202.753	-460.15
202.887	360.85
203.021	147.85
203.156	312.85
203.29	44.85
203.424	-65.15
203.558	-266.15
203.692	-125.15
203.826	-414.15
203.96	-176.15
204.094	212.85
204.229	-272.15
204.363	-292.15
204.497	-461.15
204.631	-377.15
204.765	-285.15
204.899	-192.15
205.033	-227.15
205.167	-331.15
205.301	-6.15
205.435	-441.15
205.569	-154.15
205.704	-110.15
205.838	-425.15
205.972	-229.15
206.106	645.85
206.24	-211.15
206.374	-274.15
206.508	-22.15
206.642	30.85
206.776	-181.15
206.91	207.85
207.044	-4.15
207.178	160.85
207.312	-81.15
207.446	-207.15
207.58	-198.15
207.714	-384.15
207.848	206.85
207.982	-500.15
208.116	28.85
208.25	-356.15
208.384	-230.15
208.518	-218.15
208.652	-351.15
208.786	-374.15
208.92	266.85
209.054	-95.15
209.188	-362.15
209.322	-201.15
209.456	-184.15
209.59	-375.15
209.724	-117.15
209.858	-71.15
209.992	-186.15
210.126	-260.15
210.26	-243.15
210.394	-119.15
210.528	-99.15
210.662	-290.15
210.796	-260.15
210.929	180.85
211.063	-20.15
211.197	-139.15
211.331	-48.15
211.465	-261.15
211.599	71.85
211.733	118.85
211.867	-342.15
212.001	-240.15
212.135	-102.15
212.269	-359.15
212.402	-267.15
212.536	123.85
212.67	-190.15
212.804	-321.15
212.938	54.85
213.072	-293.15
213.206	-172.15
213.34	-242.15
213.473	-221.15
213.607	133.85
213.741	-438.15
213.875	-376.15
214.009	-337.15
214.143	-230.15
214.277	-211.15
214.41	-295.15
214.544	321.85
214.678	136.85
214.812	347.85
214.946	-379.15
215.08	-247.15
215.213	-297.15
215.347	-208.15
215.481	-117.15
215.615	-452.15
215.749	10.85
215.882	-359.15
216.016	-418.15
216.15	113.85
216.284	211.85
216.418	-39.15
216.551	130.85
216.685	7.85
216.819	-374.15
216.953	-224.15
217.086	352.85
217.22	-232.15
217.354	-54.15
217.488	101.85
217.621	131.85
217.755	-55.15
217.889	-214.15
218.023	-144.15
218.156	107.85
218.29	97.85
218.424	203.85
218.558	-358.15
218.691	-487.15
218.825	-184.15
218.959	565.85
219.092	-204.15
219.226	-430.15
219.36	-400.15
219.494	-101.15
219.627	-277.15
219.761	-275.15
219.895	-149.15
220.028	-434.15
220.162	705.85
220.296	169.85
220.429	-34.15
220.563	-143.15
220.697	-43.15
220.83	-286.15
220.964	-216.15
221.098	-381.15
221.231	-329.15
221.365	57.85
221.499	-304.15
221.632	-314.15
221.766	13.85
221.9	-135.15
222.033	-197.15
222.167	103.85
222.3	-290.15
222.434	-38.15
222.568	279.85
222.701	-225.15
222.835	-240.15
222.968	-319.15
223.102	-333.15
223.236	-368.15
223.369	-18.15
223.503	10.85
223.636	-326.15
223.77	-206.15
223.904	-29.15
224.037	-237.15
224.171	115.85
224.304	6.85
224.438	-250.15
224.571	-165.15
224.705	216.85
224.839	-66.15
224.972	-464.15
225.106	-34.15
225.239	-162.15
225.373	62.85
225.506	-94.15
225.64	80.85
225.773	-214.15
225.907	-255.15
226.04	-442.15
226.174	-142.15
226.307	-76.15
226.441	-224.15
226.575	-39.15
226.708	209.85
226.842	-114.15
226.975	-221.15
227.109	-325.15
227.242	28.85
227.375	49.85
227.509	-104.15
227.642	-258.15
227.776	66.85
227.909	36.85
228.043	-304.15
228.176	257.85
228.31	-346.15
228.443	395.85
228.577	-94.15
228.71	-215.15
228.844	-46.15
228.977	-350.15
229.111	-244.15
229.244	13.85
229.377	-395.15
229.511	-49.15
229.644	-257.15
229.778	-244.15
229.911	-276.15
230.044	-163.15
230.178	-55.15
230.311	-297.15
230.445	67.85
230.578	-292.15
230.711	-135.15
230.845	407.85
230.978	55.85
231.112	-340.15
231.245	-382.15
231.378	-328.15
231.512	17.85
231.645	-572.15
231.779	-431.15
231.912	-99.15
232.045	67.85
232.179	-257.15
232.312	-236.15
232.445	105.85
232.579	315.85
232.712	155.85
232.845	-277.15
232.979	-460.15
233.112	48.85
233.245	-202.15
233.379	-399.15
233.512	-64.15
233.645	-371.15
233.779	-350.15
233.912	43.85
234.045	-260.15
234.179	56.85
234.312	-211.15
234.445	-7.15
234.578	-91.15
234.712	-14.15
234.845	39.85
234.978	-255.15
235.112	-92.15
235.245	143.85
235.378	-276.15
235.511	-49.15
235.645	6.85
235.778	-23.15
235.911	-289.15
236.044	-429.15
236.178	347.85
236.311	-347.15
236.444	-363.15
236.577	-342.15
236.711	-138.15
236.844	-565.15
236.977	-192.15
237.11	-235.15
237.243	-21.15
237.377	-393.15
237.51	-345.15
237.643	1228.85
237.776	-254.15
237.909	-222.15
238.043	-17.15
238.176	-353.15
238.309	-130.15
238.442	-423.15
238.575	-132.15
238.709	535.85
238.842	-26.15
238.975	-66.15
239.108	224.85
239.241	-406.15
239.374	-355.15
239.508	-285.15
239.641	246.85
239.774	461.85
239.907	-118.15
240.04	-375.15
240.173	30.85
240.306	313.85
240.44	-261.15
240.573	199.85
240.706	-209.15
240.839	-53.15
240.972	-124.15
241.105	-86.15
241.238	38.85
241.371	-86.15
241.504	-112.15
241.638	-172.15
241.771	-62.15
241.904	-228.15
242.037	37.85
242.17	-279.15
242.303	-452.15
242.436	-148.15
242.569	-185.15
242.702	-283.15
242.835	-256.15
242.968	-62.15
243.101	-176.15
243.234	-290.15
243.367	-383.15
243.5	-176.15
243.634	-264.15
243.767	-437.15
243.9	-321.15
244.033	-349.15
244.166	110.85
244.299	-451.15
244.432	-332.15
244.565	-44.15
244.698	-487.15
244.831	-269.15
244.964	-382.15
245.097	-254.15
245.23	-63.15
245.363	235.85
245.496	-411.15
245.629	-201.15
245.762	566.85
245.895	-347.15
246.028	-242.15
246.161	539.85
246.294	23.85
246.427	-330.15
246.559	118.85
246.692	-103.15
246.825	-228.15
246.958	-318.15
247.091	-436.15
247.224	-461.15
247.357	-290.15
247.49	155.85
247.623	-295.15
247.756	-365.15
247.889	381.85
248.022	-145.15
248.155	-368.15
248.288	-167.15
248.421	-326.15
248.553	87.85
248.686	-341.15
248.819	78.85
248.952	-349.15
249.085	220.85
249.218	-81.15
249.351	-150.15
249.484	176.85
249.617	-103.15
249.749	-335.15
249.882	-335.15
250.015	-363.15
250.148	-238.15
250.281	-377.15
250.414	-232.15
250.547	-240.15
250.679	280.85
250.812	-132.15
250.945	-37.15
251.078	-344.15
251.211	-208.15
251.344	-385.15
251.476	-258.15
251.609	-50.15
251.742	-378.15
251.875	-95.15
252.008	-272.15
252.14	-475.15
252.273	-142.15
252.406	211.85
252.539	-27.15
252.672	-147.15
252.804	183.85
252.937	-394.15
253.07	-55.15
253.203	-166.15
253.335	78.85
253.468	-527.15
253.601	-210.15
253.734	-143.15
253.866	-201.15
253.999	486.85
254.132	-51.15
254.265	-183.15
254.397	-244.15
254.53	-206.15
254.663	16.85
254.796	-280.15
254.928	-382.15
255.061	-336.15
255.194	-95.15
255.327	-432.15
255.459	-55.15
255.592	-410.15
255.725	236.85
255.857	-291.15
255.99	-9.15
256.123	-302.15
256.255	-330.15
256.388	-139.15
256.521	-368.15
256.653	-440.15
256.786	-370.15
256.919	-236.15
257.051	-376.15
257.184	-31.15
257.317	-312.15
257.449	-362.15
257.582	-138.15
257.715	-309.15
257.847	-331.15
257.98	-167.15
258.113	-281.15
258.245	-193.15
258.378	-496.15
258.51	-386.15
258.643	-348.15
258.776	5.85
258.908	-382.15
259.041	-141.15
259.174	-276.15
259.306	-312.15
259.439	-390.15
259.571	-314.15
259.704	-187.15
259.837	179.85
259.969	-291.15
260.102	-304.15
260.234	292.85
260.367	58.85
260.499	-310.15
260.632	-251.15
260.765	-277.15
260.897	-284.15
261.03	-353.15
261.162	-143.15
261.295	-115.15
261.427	86.85
261.56	-111.15
261.692	-365.15
261.825	-85.15
261.957	84.85
262.09	102.85
262.222	1.85
262.355	-359.15
262.487	-174.15
262.62	-368.15
262.752	-173.15
262.885	-198.15
263.017	-32.15
263.15	-266.15
263.282	-95.15
263.415	-371.15
263.547	-71.15
263.68	224.85
263.812	-452.15
263.945	-139.15
264.077	-374.15
264.21	199.85
264.342	-430.15
264.475	-306.15
264.607	176.85
264.74	-564.15
264.872	-144.15
265.004	152.85
265.137	59.85
265.269	452.85
265.402	-373.15
265.534	-282.15
265.667	-272.15
265.799	123.85
265.931	-153.15
266.064	-5.15
266.196	-233.15
266.329	-240.15
266.461	-249.15
266.593	28.85
266.726	-458.15
266.858	-225.15
266.99	-176.15
267.123	-250.15
267.255	-80.15
267.388	-231.15
267.52	-343.15
267.652	-295.15
267.785	129.85
267.917	-31.15
268.049	-217.15
268.182	499.85
268.314	78.85
268.446	-460.15
268.579	-334.15
268.711	264.85
268.843	-296.15
268.976	-127.15
269.108	481.85
269.24	161.85
269.373	-54.15
269.505	-227.15
269.637	-199.15
269.77	-295.15
269.902	171.85
270.034	-388.15
270.167	14.85
270.299	-78.15
270.431	-0.15
270.563	-293.15
270.696	-17.15
270.828	-180.15
270.96	-127.15
271.092	-56.15
271.225	-355.15
271.357	-112.15
271.489	-280.15
271.621	-374.15
271.754	667.85
271.886	-310.15
272.018	-273.15
272.15	366.85
272.283	-386.15
272.415	-248.15
272.547	47.85
272.679	39.85
272.811	-165.15
272.944	-170.15
273.076	-503.15
273.208	-89.15
273.34	-132.15
273.473	-192.15
273.605	73.85
273.737	-375.15
273.869	-99.15
274.001	-557.15
274.133	-7.15
274.266	-302.15
274.398	1926.85
274.53	57.85
274.662	180.85
274.794	1.85
274.926	66.85
275.059	-263.15
275.191	-49.15
275.323	-383.15
275.455	119.85
275.587	-321.15
275.719	-211.15
275.851	-189.15
275.983	4.85
276.116	-20.15
276.248	127.85
276.38	-385.15
276.512	-41.15
276.644	-225.15
276.776	-362.15
276.908	-84.15
277.04	-174.15
277.172	49.85
277.304	-259.15
277.437	-56.15
277.569	-298.15
277.701	-349.15
277.833	-165.15
277.965	-240.15
278.097	20.85
278.229	-275.15
278.361	-260.15
278.493	109.85
278.625	238.85
278.757	-4.15
278.889	-359.15
279.021	-258.15
279.153	670.85
279.285	-330.15
279.417	767.85
279.549	75.85
279.681	-181.15
279.813	-290.15
279.945	-10.15
280.077	-313.15
280.209	1366.85
280.341	-384.15
280.473	-237.15
280.605	58.85
280.737	-88.15
280.869	236.85
281.001	-133.15
281.133	-458.15
281.265	-86.15
281.397	-216.15
281.529	344.85
281.661	-354.15
281.793	-521.15
281.925	-301.15
282.057	-214.15
282.189	-209.15
282.321	-85.15
282.453	-6.15
282.585	-360.15
282.717	130.85
282.849	-144.15
282.98	-223.15
283.112	-337.15
283.244	-54.15
283.376	-365.15
283.508	-493.15
283.64	-379.15
283.772	114.85
283.904	111.85
284.036	-420.15
284.168	136.85
284.299	-63.15
284.431	-65.15
284.563	-215.15
284.695	-210.15
284.827	-357.15
284.959	-11.15
285.091	-332.15
285.222	-370.15
285.354	-298.15
285.486	-182.15
285.618	-400.15
285.75	-214.15
285.882	150.85
286.013	34.85
286.145	-77.15
286.277	-25.15
286.409	56.85
286.541	46.85
286.673	-349.15
286.804	-314.15
286.936	-91.15
287.068	-402.15
287.2	-344.15
287.332	361.85
287.463	-455.15
287.595	-95.15
287.727	539.85
287.859	-202.15
287.99	-249.15
288.122	-346.15
288.254	20.85
288.386	-263.15
288.517	-393.15
288.649	-251.15
288.781	-65.15
288.913	-87.15
289.044	-446.15
289.176	180.85
289.308	-263.15
289.44	-486.15
289.571	-286.15
289.703	-378.15
289.835	42.85
289.967	-357.15
290.098	-427.15
290.23	-458.15
290.362	96.85
290.493	-454.15
290.625	-282.15
290.757	-294.15
290.888	-215.15
291.02	-57.15
291.152	-92.15
291.283	-52.15
291.415	-192.15
291.547	-387.15
291.678	-328.15
291.81	-88.15
291.942	349.85
292.073	-63.15
292.205	-390.15
292.337	14.85
292.468	639.85
292.6	-279.15
292.732	774.85
292.863	-322.15
292.995	-457.15
293.126	48.85
293.258	173.85
293.39	-383.15
293.521	-351.15
293.653	-446.15
293.785	94.85
293.916	-358.15
294.048	13.85
294.179	17.85
294.311	-375.15
294.442	31.85
294.574	-379.15
294.706	-166.15
294.837	96.85
294.969	-137.15
295.1	-290.15
295.232	-379.15
295.363	214.85
295.495	-321.15
295.627	-31.15
295.758	139.85
295.89	-482.15
296.021	5.85
296.153	14.85
296.284	-123.15
296.416	-200.15
296.547	-240.15
296.679	-135.15
296.81	-98.15
296.942	-470.15
297.073	-384.15
297.205	-379.15
297.336	-279.15
297.468	-342.15
297.599	-157.15
297.731	-475.15
297.862	-196.15
297.994	-444.15
298.125	-387.15
298.257	-203.15
298.388	26.85
298.52	-37.15
298.651	-167.15
298.782	323.85
298.914	-324.15
299.045	-194.15
299.177	-450.15
299.308	-430.15
299.44	-14.15
299.571	-96.15
299.702	-231.15
299.834	-176.15
299.965	-216.15
300.097	-359.15
300.228	-82.15
300.36	-135.15
300.491	-166.15
300.622	-63.15
300.754	-203.15
300.885	-307.15
301.017	-117.15
301.148	-289.15
301.279	-452.15
301.411	13.85
301.542	-96.15
301.673	-108.15
301.805	8.85
301.936	-336.15
302.067	-212.15
302.199	-258.15
302.33	-380.15
302.461	407.85
302.593	-27.15
302.724	-11.15
302.855	-415.15
302.987	-203.15
303.118	-428.15
303.249	-494.15
303.381	-210.15
303.512	-272.15
303.643	-303.15
303.775	114.85
303.906	-363.15
304.037	-339.15
304.169	-300.15
304.3	-229.15
304.431	-410.15
304.562	-327.15
304.694	-207.15
304.825	-121.15
304.956	91.85
305.087	-290.15
305.219	-2.15
305.35	-129.15
305.481	-304.15
305.612	23.85
305.744	-30.15
305.875	-263.15
306.006	603.85
306.137	-306.15
306.269	-86.15
306.4	18.85
306.531	100.85
306.662	-201.15
306.794	95.85
306.925	-299.15
307.056	-370.15
307.187	-64.15
307.318	-233.15
307.45	-232.15
307.581	-337.15
307.712	-347.15
307.843	-178.15
307.974	-133.15
308.105	91.85
308.237	122.85
308.368	-445.15
308.499	-253.15
308.63	-36.15
308.761	-200.15
308.892	-153.15
309.024	-232.15
309.155	-272.15
309.286	-248.15
309.417	-367.15
309.548	-232.15
309.679	-238.15
309.81	-545.15
309.941	560.85
310.073	-68.15
310.204	-481.15
310.335	-46.15
310.466	-283.15
310.597	-382.15
310.728	-255.15
310.859	442.85
310.99	391.85
311.121	-159.15
311.252	-194.15
311.383	-360.15
311.514	-34.15
311.646	-255.15
311.777	-80.15
311.908	-114.15
312.039	-204.15
312.17	-479.15
312.301	-213.15
312.432	-346.15
312.563	-457.15
312.694	-251.15
312.825	-256.15
312.956	-310.15
313.087	18.85
313.218	75.85
313.349	-200.15
313.48	-482.15
313.611	-185.15
313.742	-154.15
313.873	58.85
314.004	-118.15
314.135	-269.15
314.266	-137.15
314.397	-269.15
314.528	-385.15
314.659	-414.15
314.79	-354.15
314.921	17.85
315.052	24.85
315.183	-371.15
315.314	-432.15
315.445	37.85
315.576	-53.15
315.707	-240.15
315.838	-237.15
315.968	-69.15
316.099	-391.15
316.23	-464.15
316.361	97.85
316.492	-240.15
316.623	47.85
316.754	173.85
316.885	-539.15
317.016	-457.15
317.147	-508.15
317.278	66.85
317.408	-361.15
317.539	-404.15
317.67	-406.15
317.801	-72.15
317.932	-271.15
318.063	-318.15
318.194	-219.15
318.325	-43.15
318.455	-518.15
318.586	-252.15
318.717	-77.15
318.848	-463.15
318.979	61.85
319.11	300.85
319.24	28.85
319.371	63.85
319.502	-142.15
319.633	-327.15
319.764	-108.15
319.895	-381.15
320.025	-141.15
320.156	-460.15
320.287	-567.15
320.418	-318.15
320.549	-100.15
320.679	-477.15
320.81	131.85
320.941	-471.15
321.072	-452.15
321.202	-39.15
321.333	320.85
321.464	-531.15
321.595	-346.15
321.726	236.85
321.856	-501.15
321.987	-241.15
322.118	-303.15
322.249	-34.15
322.379	-77.15
322.51	-34.15
322.641	-133.15
322.771	-468.15
322.902	-154.15
323.033	-148.15
323.164	854.85
323.294	-261.15
323.425	-318.15
323.556	-295.15
323.686	-189.15
323.817	370.85
323.948	-56.15
324.078	-210.15
324.209	160.85
324.34	-310.15
324.47	213.85
324.601	-285.15
324.732	-138.15
324.862	-0.15
324.993	-308.15
325.124	-603.15
325.254	-163.15
325.385	-150.15
325.516	626.85
325.646	460.85
325.777	-240.15
325.908	-281.15
326.038	82.85
326.169	-222.15
326.299	-109.15
326.43	112.85
326.561	-199.15
326.691	-199.15
326.822	-411.15
326.952	-296.15
327.083	-108.15
327.214	-392.15
327.344	-118.15
327.475	-55.15
327.605	-115.15
327.736	-237.15
327.867	-412.15
327.997	-249.15
328.128	-76.15
328.258	-449.15
328.389	301.85
328.519	-428.15
328.65	12.85
328.78	-324.15
328.911	-80.15
329.041	78.85
329.172	-463.15
329.303	-319.15
329.433	-233.15
329.564	-382.15
329.694	-346.15
329.825	-294.15
329.955	-76.15
330.086	559.85
330.216	-223.15
330.347	-373.15
330.477	-205.15
330.608	-202.15
330.738	-185.15
330.868	-435.15
330.999	-265.15
331.129	160.85
331.26	-364.15
331.39	-301.15
331.521	153.85
331.651	-44.15
331.782	-479.15
331.912	-417.15
332.043	-390.15
332.173	9.85
332.303	-473.15
332.434	118.85
332.564	-50.15
332.695	-330.15
332.825	-479.15
332.956	-318.15
333.086	-145.15
333.216	-396.15
333.347	-59.15
333.477	-572.15
333.608	-184.15
333.738	-17.15
333.868	-141.15
333.999	-103.15
334.129	84.85
334.259	-348.15
334.39	-295.15
334.52	49.85
334.65	-263.15
334.781	155.85
334.911	-293.15
335.042	-346.15
335.172	-64.15
335.302	-196.15
335.433	351.85
335.563	-379.15
335.693	-35.15
335.824	267.85
335.954	-479.15
336.084	-27.15
336.214	-107.15
336.345	380.85
336.475	89.85
336.605	-337.15
336.736	346.85
336.866	-181.15
336.996	-247.15
337.126	-385.15
337.257	-136.15
337.387	-500.15
337.517	-306.15
337.648	-487.15
337.778	161.85
337.908	61.85
338.038	21.85
338.169	-259.15
338.299	293.85
338.429	-101.15
338.559	-343.15
338.69	-251.15
338.82	505.85
338.95	-54.15
339.08	-601.15
339.21	-448.15
339.341	-189.15
339.471	14.85
339.601	-174.15
339.731	-123.15
339.861	-263.15
339.992	-234.15
340.122	-181.15
340.252	-286.15
340.382	-303.15
340.512	-173.15
340.642	195.85
340.773	-149.15
340.903	-429.15
341.033	-155.15
341.163	-52.15
341.293	87.85
341.423	-310.15
341.554	-453.15
341.684	-69.15
341.814	-181.15
341.944	-252.15
342.074	-155.15
342.204	-273.15
342.334	240.85
342.464	-401.15
342.595	-218.15
342.725	-410.15
342.855	-128.15
342.985	-277.15
343.115	-379.15
343.245	-507.15
343.375	-54.15
343.505	-191.15
343.635	-32.15
343.765	-286.15
343.895	-542.15
344.025	-10.15
344.155	-437.15
344.286	-256.15
344.416	-132.15
344.546	113.85
344.676	-150.15
344.806	192.85
344.936	-114.15
345.066	253.85
345.196	-387.15
345.326	-511.15
345.456	121.85
345.586	-368.15
345.716	-371.15
345.846	41.85
345.976	-506.15
346.106	-198.15
346.236	6.85
346.366	10.85
346.496	-229.15
346.626	-270.15
346.756	-288.15
346.886	-338.15
347.016	-479.15
347.146	-308.15
347.276	-379.15
347.406	-292.15
347.536	-109.15
347.666	85.85
347.795	-362.15
347.925	-254.15
348.055	131.85
348.185	-255.15
348.315	-287.15
348.445	126.85
348.575	-230.15
348.705	-373.15
348.835	-366.15
348.965	-206.15
349.095	5.85
349.225	320.85
349.354	-398.15
349.484	-224.15
349.614	-251.15
349.744	-378.15
349.874	-377.15
350.004	-494.15
350.134	-422.15
350.264	-472.15
350.393	-445.15
350.523	151.85
350.653	-478.15
350.783	52.85
350.913	178.85
351.043	-298.15
351.173	-296.15
351.302	-48.15
351.432	224.85
351.562	-178.15
351.692	-135.15
351.822	-279.15
351.951	-517.15
352.081	232.85
352.211	-162.15
352.341	191.85
352.471	139.85
352.6	-190.15
352.73	-337.15
352.86	-218.15
352.99	-80.15
353.12	-118.15
353.249	-78.15
353.379	-331.15
353.509	69.85
353.639	-442.15
353.768	-147.15
353.898	-299.15
354.028	-437.15
354.158	-276.15
354.287	-316.15
354.417	-396.15
354.547	-393.15
354.677	-472.15
354.806	-228.15
354.936	-21.15
355.066	-332.15
355.195	-35.15
355.325	-52.15
355.455	-374.15
355.584	200.85
355.714	-323.15
355.844	125.85
355.974	-33.15
356.103	-182.15
356.233	-216.15
356.363	33.85
356.492	-406.15
356.622	-419.15
356.752	-45.15
356.881	-516.15
357.011	27.85
357.14	111.85
357.27	-214.15
357.4	48.85
357.529	-239.15
357.659	121.85
357.789	11.85
357.918	-425.15
358.048	-471.15
358.177	-215.15
358.307	-360.15
358.437	-143.15
358.566	-332.15
358.696	64.85
358.825	133.85
358.955	-429.15
359.085	-50.15
359.214	-561.15
359.344	-178.15
359.473	-405.15
359.603	-247.15
359.733	-313.15
359.862	-393.15
359.992	46.85
360.121	-275.15
360.251	-17.15
360.38	-491.15
360.51	61.85
360.639	-262.15
360.769	-148.15
360.898	85.85
361.028	33.85
361.157	-160.15
361.287	-83.15
361.416	-361.15
361.546	-219.15
361.675	-239.15
361.805	-294.15
361.934	-2.15
362.064	-252.15
362.193	-279.15
362.323	-386.15
362.452	132.85
362.582	-384.15
362.711	-213.15
362.841	-5.15
362.97	-24.15
363.1	-384.15
363.229	-454.15
363.359	-218.15
363.488	-323.15
363.617	-148.15
363.747	-142.15
363.876	-543.15
364.006	-64.15
364.135	-174.15
364.265	-255.15
364.394	-249.15
364.523	363.85
364.653	-350.15
364.782	-46.15
364.912	-367.15
365.041	-386.15
365.17	-413.15
365.3	-55.15
365.429	187.85
365.558	-274.15
365.688	-350.15
365.817	-412.15
365.947	-127.15
366.076	-147.15
366.205	-128.15
366.335	-470.15
366.464	-395.15
366.593	106.85
366.723	-241.15
366.852	-254.15
366.981	-116.15
367.111	-390.15
367.24	-245.15
367.369	-218.15
367.499	664.85
367.628	140.85
367.757	-254.15
367.886	-96.15
368.016	94.85
368.145	-149.15
368.274	-127.15
368.404	-417.15
368.533	-158.15
368.662	-18.15
368.791	-284.15
368.921	-545.15
369.05	154.85
369.179	-119.15
369.308	371.85
369.438	-462.15
369.567	-506.15
369.696	-213.15
369.825	-62.15
369.955	-287.15
370.084	-68.15
370.213	-159.15
370.342	-440.15
370.472	-427.15
370.601	493.85
370.73	-8.15
370.859	-607.15
370.988	-264.15
371.118	-419.15
371.247	-18.15
371.376	94.85
371.505	-122.15
371.634	-100.15
371.763	-177.15
371.893	-370.15
372.022	-257.15
372.151	-389.15
372.28	-461.15
372.409	-539.15
372.538	-289.15
372.667	-131.15
372.797	129.85
372.926	-503.15
373.055	-123.15
373.184	-209.15
373.313	-366.15
373.442	-109.15
373.571	-350.15
373.7	-220.15
373.83	-97.15
373.959	-580.15
374.088	-249.15
374.217	72.85
374.346	-256.15
374.475	-533.15
374.604	-358.15
374.733	271.85
374.862	-180.15
374.991	-349.15
375.12	-102.15
375.249	-120.15
375.378	-349.15
375.508	-418.15
375.637	-425.15
375.766	44.85
375.895	-260.15
376.024	136.85
376.153	-371.15
376.282	-226.15
376.411	-331.15
376.54	-598.15
376.669	-111.15
376.798	-262.15
376.927	-405.15
377.056	106.85
377.185	-139.15
377.314	67.85
377.443	304.85
377.572	-386.15
377.701	-333.15
377.83	169.85
377.959	-41.15
378.088	2217.85
378.217	131.85
378.346	-293.15
378.474	-490.15
378.603	-399.15
378.732	-79.15
378.861	-306.15
378.99	-382.15
379.119	-551.15
379.248	-162.15
379.377	-238.15
379.506	-257.15
379.635	130.85
379.764	-169.15
379.893	-386.15
380.022	-455.15
380.15	-110.15
380.279	-496.15
380.408	-355.15
380.537	-206.15
380.666	-61.15
380.795	-119.15
380.924	-229.15
381.053	-346.15
381.181	-147.15
381.31	961.85
381.439	-391.15
381.568	-256.15
381.697	-255.15
381.826	-227.15
381.955	-402.15
382.083	-194.15
382.212	-446.15
382.341	-14.15
382.47	-339.15
382.599	-221.15
382.727	297.85
382.856	-99.15
382.985	-75.15
383.114	-264.15
383.243	-344.15
383.371	-218.15
383.5	-362.15
383.629	-369.15
383.758	-375.15
383.887	-597.15
384.015	-144.15
384.144	-420.15
384.273	-179.15
384.402	-88.15
384.53	-361.15
384.659	-378.15
384.788	-392.15
384.917	-365.15
385.045	-215.15
385.174	-190.15
385.303	-557.15
385.432	19.85
385.56	-177.15
385.689	-246.15
385.818	-121.15
385.946	-72.15
386.075	-365.15
386.204	-417.15
386.332	-192.15
386.461	1.85
386.59	-11.15
386.718	-468.15
386.847	-465.15
386.976	-272.15
387.104	-502.15
387.233	-439.15
387.362	-153.15
387.49	-169.15
387.619	-410.15
387.748	-192.15
387.876	138.85
388.005	-167.15
388.134	78.85
388.262	-449.15
388.391	-342.15
388.52	-84.15
388.648	-423.15
388.777	62.85
388.905	-383.15
389.034	-259.15
389.163	-366.15
389.291	-190.15
389.42	-22.15
389.548	45.85
389.677	-183.15
389.805	-114.15
389.934	-8.15
390.063	-433.15
390.191	-497.15
390.32	-341.15
390.448	-228.15
390.577	-413.15
390.705	-450.15
390.834	-232.15
390.962	-445.15
391.091	-431.15
391.22	89.85
391.348	160.85
391.477	-99.15
391.605	-512.15
391.734	-307.15
391.862	-321.15
391.991	-450.15
392.119	-407.15
392.248	-247.15
392.376	-165.15
392.505	-230.15
392.633	-350.15
392.762	360.85
392.89	-421.15
393.018	31.85
393.147	-299.15
393.275	-504.15
393.404	-421.15
393.532	-289.15
393.661	-169.15
393.789	-151.15
393.918	-153.15
394.046	-219.15
394.174	-197.15
394.303	-496.15
394.431	-334.15
394.56	15.85
394.688	-516.15
394.817	-583.15
394.945	119.85
395.073	37.85
395.202	-148.15
395.33	-265.15
395.459	-204.15
395.587	106.85
395.715	47.85
395.844	-196.15
395.972	-540.15
396.1	109.85
396.229	-394.15
396.357	-100.15
396.485	-299.15
396.614	-304.15
396.742	90.85
396.87	-173.15
396.999	-90.15
397.127	-420.15
397.255	-116.15
397.384	56.85
397.512	-479.15
397.64	-364.15
397.769	-225.15
397.897	-47.15
398.025	-210.15
398.154	-100.15
398.282	273.85
398.41	-80.15
398.538	-61.15
398.667	-230.15
398.795	-129.15
398.923	463.85
399.052	861.85
399.18	2048.85
399.308	3297.85
399.436	5322.85
399.565	6098.85
399.693	7486.85
399.821	8462.85
399.949	8734.85
400.078	9362.85
400.206	7615.85
400.334	5912.85
400.462	4203.85
400.59	2222.85
400.719	846.85
400.847	17.85
400.975	68.85
401.103	-248.15
401.231	-84.15
401.36	-134.15
401.488	-43.15
401.616	-269.15
401.744	-235.15
401.872	-321.15
402	-41.15
402.129	-272.15
402.257	-388.15
402.385	-254.15
402.513	-235.15
402.641	-265.15
402.769	-239.15
402.897	-349.15
403.026	-481.15
403.154	-529.15
403.282	-429.15
403.41	-260.15
403.538	175.85
403.666	-479.15
403.794	-256.15
403.922	-186.15
404.05	-158.15
404.179	-213.15
404.307	-125.15
404.435	-406.15
404.563	-402.15
404.691	-518.15
404.819	568.85
404.947	-407.15
405.075	-360.15
405.203	-451.15
405.331	-380.15
405.459	-438.15
405.587	-126.15
405.715	-329.15
405.843	-322.15
405.971	-172.15
406.099	145.85
406.227	-87.15
406.355	-304.15
406.483	-518.15
406.611	-96.15
406.739	-439.15
406.867	-446.15
406.995	-326.15
407.123	-274.15
407.251	-548.15
407.379	-449.15
407.507	-106.15
407.635	-227.15
407.763	-588.15
407.891	-381.15
408.019	-46.15
408.147	-40.15
408.275	209.85
408.403	-481.15
408.531	-526.15
408.659	240.85
408.787	-184.15
408.915	-322.15
409.043	-361.15
409.171	43.85
409.299	18.85
409.427	51.85
409.554	-507.15
409.682	375.85
409.81	-174.15
409.938	-349.15
410.066	19.85
410.194	-148.15
410.322	-430.15
410.45	-286.15
410.578	-523.15
410.705	-423.15
410.833	-165.15
410.961	67.85
411.089	406.85
411.217	-260.15
411.345	-232.15
411.473	-379.15
411.6	-166.15
411.728	-308.15
411.856	-467.15
411.984	-459.15
412.112	-129.15
412.239	-141.15
412.367	-281.15
412.495	55.85
412.623	-407.15
412.751	-7.15
412.878	-527.15
413.006	-238.15
413.134	49.85
413.262	200.85
413.39	-96.15
413.517	-144.15
413.645	25.85
413.773	-488.15
413.901	209.85
414.028	-311.15
414.156	-218.15
414.284	-379.15
414.412	-2.15
414.539	-320.15
414.667	-350.15
414.795	-353.15
414.923	-570.15
415.05	-309.15
415.178	-72.15
415.306	407.85
415.433	-360.15
415.561	-9.15
415.689	27.85
415.816	-391.15
415.944	199.85
416.072	-460.15
416.2	-7.15
416.327	293.85
416.455	-386.15
416.583	-326.15
416.71	-240.15
416.838	161.85
416.966	-441.15
417.093	-257.15
417.221	36.85
417.348	-112.15
417.476	-485.15
417.604	-295.15
417.731	-256.15
417.859	-10.15
417.987	-143.15
418.114	-414.15
418.242	10.85
418.369	-349.15
418.497	-501.15
418.625	143.85
418.752	-208.15
418.88	-430.15
419.007	179.85
419.135	-174.15
419.263	-385.15
419.39	-106.15
419.518	-107.15
419.645	-399.15
419.773	-296.15
419.9	-356.15
420.028	733.85
420.155	-397.15
420.283	92.85
420.41	-79.15
420.538	-253.15
420.666	-268.15
420.793	-256.15
420.921	-328.15
421.048	-131.15
421.176	26.85
421.303	-209.15
421.431	-423.15
421.558	-549.15
421.686	43.85
421.813	-133.15
421.941	-361.15
422.068	-167.15
422.195	14.85
422.323	-16.15
422.45	-549.15
422.578	-216.15
422.705	-352.15
422.833	-234.15
422.96	-411.15
423.088	-86.15
423.215	401.85
423.343	361.85
423.47	-113.15
423.597	265.85
423.725	-236.15
423.852	-210.15
423.98	-173.15
424.107	-490.15
424.234	-247.15
424.362	-312.15
424.489	-372.15
424.617	693.85
424.744	-165.15
424.871	-438.15
424.999	-217.15
425.126	89.85
425.253	-111.15
425.381	-347.15
425.508	-488.15
425.636	-18.15
425.763	-306.15
425.89	-358.15
426.018	-489.15
426.145	-255.15
426.272	-196.15
426.4	-12.15
426.527	69.85
426.654	-425.15
426.781	-138.15
426.909	-167.15
427.036	-177.15
427.163	-524.15
427.291	-466.15
427.418	-268.15
427.545	-230.15
427.673	-485.15
427.8	-554.15
427.927	-430.15
428.054	-123.15
428.182	-264.15
428.309	-300.15
428.436	-365.15
428.563	-471.15
428.691	-114.15
428.818	-353.15
428.945	-26.15
429.072	-459.15
429.2	-144.15
429.327	-145.15
429.454	30.85
429.581	-241.15
429.708	-546.15
429.836	-402.15
429.963	-321.15
430.09	-369.15
430.217	-340.15
430.344	-445.15
430.472	-437.15
430.599	-74.15
430.726	-327.15
430.853	-210.15
430.98	-70.15
431.107	-420.15
431.235	-219.15
431.362	-72.15
431.489	-252.15
431.616	228.85
431.743	92.85
431.87	-520.15
431.997	-270.15
432.125	-175.15
432.252	-608.15
432.379	-294.15
432.506	-141.15
432.633	-374.15
432.76	-190.15
432.887	91.85
433.014	-272.15
433.141	-435.15
433.268	13.85
433.395	-359.15
433.523	-260.15
433.65	-286.15
433.777	-298.15
433.904	-255.15
434.031	-484.15
434.158	-115.15
434.285	17.85
434.412	-547.15
434.539	-241.15
434.666	-491.15
434.793	-383.15
434.92	-468.15
435.047	-59.15
435.174	-271.15
435.301	-26.15
435.428	287.85
435.555	209.85
435.682	-157.15
435.809	-459.15
435.936	112.85
436.063	-388.15
436.19	118.85
436.317	-381.15
436.444	14.85
436.571	-385.15
436.698	-72.15
436.825	107.85
436.952	-115.15
437.079	-150.15
437.206	-24.15
437.333	-437.15
437.46	-296.15
437.587	-225.15
437.714	-474.15
437.84	-236.15
437.967	-497.15
438.094	-518.15
438.221	49.85
438.348	-196.15
438.475	10565.85
438.602	-427.15
438.729	-576.15
438.856	-363.15
438.983	-419.15
439.109	-78.15
439.236	53.85
439.363	-596.15
439.49	-354.15
439.617	-198.15
439.744	-398.15
439.871	555.85
439.997	-377.15
440.124	-173.15
440.251	-113.15
440.378	-372.15
440.505	-328.15
440.632	34.85
440.758	140.85
440.885	319.85
441.012	-388.15
441.139	-8.15
441.266	-472.15
441.392	-335.15
441.519	-447.15
441.646	-517.15
441.773	-100.15
441.9	286.85
442.026	-310.15
442.153	-174.15
442.28	-135.15
442.407	-403.15
442.533	-9.15
442.66	-114.15
442.787	-159.15
442.914	-410.15
443.04	-326.15
443.167	-204.15
443.294	-196.15
443.421	-114.15
443.547	-468.15
443.674	-235.15
443.801	-109.15
443.927	84.85
444.054	481.85
444.181	58.85
444.307	94.85
444.434	-84.15
444.561	-433.15
444.688	-511.15
444.814	-5.15
444.941	-307.15
445.068	-460.15
445.194	257.85
445.321	-402.15
445.447	253.85
445.574	-549.15
445.701	-533.15
445.827	-295.15
445.954	-566.15
446.081	-50.15
446.207	-424.15
446.334	-232.15
446.461	-303.15
446.587	-595.15
446.714	1.85
446.84	7.85
446.967	-365.15
447.094	-291.15
447.22	52.85
447.347	-248.15
447.473	-391.15
447.6	-158.15
447.726	-542.15
447.853	-199.15
447.98	-205.15
448.106	-148.15
448.233	-209.15
448.359	-367.15
448.486	-85.15
448.612	-301.15
448.739	-75.15
448.865	81.85
448.992	339.85
449.118	-324.15
449.245	-468.15
449.371	-433.15
449.498	-183.15
449.624	-51.15
449.751	-186.15
449.877	-378.15
450.004	-202.15
450.13	-176.15
450.257	-433.15
450.383	-258.15
450.51	-529.15
450.636	-374.15
450.763	-278.15
450.889	-358.15
451.016	-614.15
451.142	-132.15
451.269	-398.15
451.395	319.85
451.521	-238.15
451.648	-360.15
451.774	-199.15
451.901	-566.15
452.027	-233.15
452.154	55.85
452.28	-288.15
452.406	-395.15
452.533	-399.15
452.659	-455.15
452.785	-282.15
452.912	-469.15
453.038	-453.15
453.165	-51.15
453.291	157.85
453.417	141.85
453.544	-420.15
453.67	-325.15
453.796	129.85
453.923	-455.15
454.049	-310.15
454.175	-373.15
454.302	-334.15
454.428	-103.15
454.554	-153.15
454.681	-380.15
454.807	-407.15
454.933	357.85
455.06	-88.15
455.186	-374.15
455.312	113.85
455.439	11.85
455.565	-444.15
455.691	-434.15
455.817	-35.15
455.944	56.85
456.07	-225.15
456.196	-86.15
456.322	-539.15
456.449	-553.15
456.575	-197.15
456.701	-356.15
456.827	-395.15
456.954	-514.15
457.08	-420.15
457.206	-593.15
457.332	-227.15
457.459	-511.15
457.585	-424.15
457.711	-342.15
457.837	-27.15
457.963	-128.15
458.09	-425.15
458.216	-437.15
458.342	-228.15
458.468	-309.15
458.594	-212.15
458.721	-185.15
458.847	-178.15
458.973	-495.15
459.099	-296.15
459.225	-283.15
459.351	-317.15
459.477	-127.15
459.604	-436.15
459.73	-319.15
459.856	-429.15
459.982	-223.15
460.108	-566.15
460.234	-607.15
460.36	-265.15
460.486	-53.15
460.613	-437.15
460.739	49.85
460.865	-322.15
460.991	230.85
461.117	216.85
461.243	-394.15
461.369	-466.15
461.495	-344.15
461.621	-214.15
461.747	-81.15
461.873	-55.15
461.999	-439.15
462.125	-229.15
462.252	35.85
462.378	-171.15
462.504	-105.15
462.63	-138.15
462.756	-471.15
462.882	-385.15
463.008	-310.15
463.134	-12.15
463.26	-524.15
463.386	-324.15
463.512	-166.15
463.638	-352.15
463.764	-449.15
463.89	-279.15
464.016	69.85
464.142	-55.15
464.268	-406.15
464.394	-317.15
464.52	-475.15
464.645	-120.15
464.771	23.85
464.897	-349.15
465.023	-345.15
465.149	-187.15
465.275	-499.15
465.401	-430.15
465.527	113.85
465.653	-169.15
465.779	68.85
465.905	-483.15
466.031	-170.15
466.157	-379.15
466.282	-288.15
466.408	-406.15
466.534	-201.15
466.66	-570.15
466.786	-277.15
466.912	-198.15
467.038	-265.15
467.164	-291.15
467.289	-316.15
467.415	-279.15
467.541	-235.15
467.667	-248.15
467.793	-299.15
467.919	-112.15
468.045	115.85
468.17	-410.15
468.296	-246.15
468.422	-289.15
468.548	15.85
468.674	-536.15
468.799	-408.15
468.925	-326.15
469.051	-428.15
469.177	-555.15
469.303	-528.15
469.428	-29.15
469.554	-393.15
469.68	-377.15
469.806	-106.15
469.931	-232.15
470.057	473.85
470.183	-650.15
470.309	-346.15
470.434	169.85
470.56	-291.15
470.686	-136.15
470.812	-236.15
470.937	-457.15
471.063	-407.15
471.189	-128.15
471.315	63.85
471.44	-234.15
471.566	-311.15
471.692	101.85
471.817	-390.15
471.943	-185.15
472.069	-69.15
472.194	-277.15
472.32	-383.15
472.446	-60.15
472.571	-469.15
472.697	-356.15
472.823	-199.15
472.948	-486.15
473.074	-221.15
473.2	-233.15
473.325	-461.15
473.451	-291.15
473.577	-286.15
473.702	-565.15
473.828	-282.15
473.953	-512.15
474.079	-223.15
474.205	-472.15
474.33	-470.15
474.456	-326.15
474.581	201.85
474.707	-332.15
474.833	-336.15
474.958	-118.15
475.084	-4.15
475.209	-337.15
475.335	-410.15
475.46	-159.15
475.586	-298.15
475.712	-127.15
475.837	-305.15
475.963	-323.15
476.088	-555.15
476.214	-365.15
476.339	-336.15
476.465	-373.15
476.59	-507.15
476.716	105.85
476.841	-455.15
476.967	258.85
477.092	-282.15
477.218	-157.15
477.343	-436.15
477.469	263.85
477.594	-356.15
477.72	-431.15
477.845	-179.15
477.971	-337.15
478.096	-202.15
478.222	-309.15
478.347	4359.85
478.472	-32.15
478.598	-417.15
478.723	-327.15
478.849	-32.15
478.974	-145.15
479.1	-435.15
479.225	-163.15
479.35	-332.15
479.476	-91.15
479.601	-403.15
479.727	42.85
479.852	-383.15
479.977	-132.15
480.103	-245.15
480.228	231.85
480.354	-279.15
480.479	59.85
480.604	-361.15
480.73	-347.15
480.855	-578.15
480.98	11.85
481.106	-522.15
481.231	-521.15
481.356	-402.15
481.482	-572.15
481.607	-452.15
481.732	-639.15
481.858	-306.15
481.983	-460.15
482.108	-384.15
482.234	-538.15
482.359	-386.15
482.484	72.85
482.61	-431.15
482.735	-197.15
482.86	-534.15
482.985	-334.15
483.111	-279.15
483.236	-127.15
483.361	-339.15
483.486	-409.15
483.612	-21.15
483.737	-546.15
483.862	-266.15
483.987	-101.15
484.113	-579.15
484.238	-82.15
484.363	-453.15
484.488	-315.15
484.614	-77.15
484.739	-267.15
484.864	48.85
484.989	533.85
485.114	-169.15
485.24	-234.15
485.365	-336.15
485.49	-541.15
485.615	-10.15
485.74	-264.15
485.865	-134.15
485.991	-227.15
486.116	-131.15
486.241	-519.15
486.366	-501.15
486.491	-105.15
486.616	-421.15
486.742	-300.15
486.867	-256.15
486.992	-486.15
487.117	-452.15
487.242	-417.15
487.367	-590.15
487.492	-333.15
487.617	-83.15
487.742	-234.15
487.868	-415.15
487.993	-110.15
488.118	-154.15
488.243	-148.15
488.368	-377.15
488.493	-586.15
488.618	-391.15
488.743	-328.15
488.868	-399.15
488.993	-293.15
489.118	-8.15
489.243	-213.15
489.368	-359.15
489.493	-4.15
489.618	-230.15
489.743	-438.15
489.868	-210.15
489.993	-398.15
490.118	-570.15
490.243	496.85
490.368	-347.15
490.493	-89.15
490.618	-38.15
490.743	-575.15
490.868	-234.15
490.993	-226.15
491.118	-16.15
491.243	-444.15
491.368	-218.15
491.493	-36.15
491.618	-242.15
491.743	-313.15
491.868	-378.15
491.993	-300.15
492.118	-411.15
492.243	-194.15
492.368	-137.15
492.493	-353.15
492.618	112.85
492.743	-322.15
492.867	18.85
492.992	-236.15
493.117	-39.15
493.242	-381.15
493.367	-278.15
493.492	50.85
493.617	-424.15
493.742	79.85
493.867	-325.15
493.991	-548.15
494.116	-251.15
494.241	-233.15
494.366	-299.15
494.491	-118.15
494.616	40.85
494.74	-409.15
494.865	-544.15
494.99	-362.15
495.115	-321.15
495.24	-246.15
495.365	-342.15
495.489	-328.15
495.614	-198.15
495.739	-284.15
495.864	-365.15
495.989	-556.15
496.113	-24.15
496.238	-193.15
496.363	-403.15
496.488	-490.15
496.612	-61.15
496.737	-357.15
496.862	-267.15
496.987	-355.15
497.111	-454.15
497.236	-430.15
497.361	-424.15
497.486	72.85
497.61	-22.15
497.735	-290.15
497.86	-97.15
497.984	-87.15
498.109	-555.15
498.234	-417.15
498.359	-369.15
498.483	-221.15
498.608	-238.15
498.733	-324.15
498.857	-457.15
498.982	-251.15
499.107	-567.15
499.231	-220.15
499.356	-342.15
499.481	128.85
499.605	-674.15
499.73	-485.15
499.855	34.85
499.979	-440.15
500.104	-270.15
500.228	157.85
500.353	-325.15
500.478	-482.15
500.602	-196.15
500.727	123.85
500.852	-115.15
500.976	-581.15
501.101	-346.15
501.225	208.85
501.35	-475.15
501.474	-451.15
501.599	-61.15
501.724	-297.15
501.848	-270.15
501.973	112.85
502.097	-504.15
502.222	-572.15
502.346	-57.15
502.471	-185.15
502.595	-401.15
502.72	-493.15
502.844	-459.15
502.969	-306.15
503.094	159.85
503.218	-535.15
503.343	-394.15
503.467	-417.15
503.592	-341.15
503.716	-383.15
503.841	-169.15
503.965	227.85
504.089	-291.15
504.214	-480.15
504.338	-313.15
504.463	-66.15
504.587	-227.15
504.712	-229.15
504.836	-258.15
504.961	345.85
505.085	147.85
505.21	-412.15
505.334	-401.15
505.458	282.85
505.583	-476.15
505.707	-146.15
505.832	-338.15
505.956	-223.15
506.08	-429.15
506.205	-342.15
506.329	107.85
506.454	-515.15
506.578	-219.15
506.702	-423.15
506.827	149.85
506.951	-95.15
507.076	-245.15
507.2	-481.15
507.324	-78.15
507.449	41.85
507.573	-282.15
507.697	-361.15
507.822	-234.15
507.946	-270.15
508.07	-544.15
508.195	-245.15
508.319	-314.15
508.443	-211.15
508.567	-573.15
508.692	-495.15
508.816	-426.15
508.94	-261.15
509.065	-594.15
509.189	-124.15
509.313	-105.15
509.437	-62.15
509.562	-321.15
509.686	-173.15
509.81	-302.15
509.935	-134.15
510.059	17.85
510.183	-449.15
510.307	-488.15
510.431	-67.15
510.556	-239.15
510.68	-381.15
510.804	-569.15
510.928	-236.15
511.053	-532.15
511.177	-492.15
511.301	-276.15
511.425	-364.15
511.549	-240.15
511.674	-190.15
511.798	-213.15
511.922	-169.15
512.046	181.85
512.17	-294.15
512.294	-486.15
512.419	-196.15
512.543	-96.15
512.667	-291.15
512.791	-450.15
512.915	-141.15
513.039	-326.15
513.163	-90.15
513.288	141.85
513.412	-345.15
513.536	40.85
513.66	-411.15
513.784	-257.15
513.908	-202.15
514.032	-241.15
514.156	-6.15
514.28	-94.15
514.404	-285.15
514.528	-267.15
514.653	-66.15
514.777	-3.15
514.901	-142.15
515.025	88.85
515.149	-318.15
515.273	-159.15
515.397	-310.15
515.521	-286.15
515.645	-287.15
515.769	-441.15
515.893	-380.15
516.017	-393.15
516.141	-568.15
516.265	-333.15
516.389	-393.15
516.513	-248.15
516.637	-401.15
516.761	-631.15
516.885	-387.15
517.009	-313.15
517.133	-160.15
517.257	-356.15
517.381	-48.15
517.505	-54.15
517.629	106.85
517.753	-333.15
517.877	-526.15
518.001	-355.15
518.125	-312.15
518.248	-92.15
518.372	-221.15
518.496	-545.15
518.62	-124.15
518.744	-268.15
518.868	-224.15
518.992	-216.15
519.116	-457.15
519.24	549.85
519.364	21.85
519.488	-235.15
519.611	-547.15
519.735	-307.15
519.859	-317.15
519.983	-63.15
520.107	-304.15
520.231	-58.15
520.355	-220.15
520.478	-469.15
520.602	-472.15
520.726	85.85
520.85	-312.15
520.974	9.85
521.098	-376.15
521.221	-478.15
521.345	29.85
521.469	-403.15
521.593	-280.15
521.717	20.85
521.84	-232.15
521.964	-433.15
522.088	-343.15
522.212	-318.15
522.335	-542.15
522.459	-403.15
522.583	289.85
522.707	-501.15
522.83	-618.15
522.954	-441.15
523.078	-369.15
523.202	-13.15
523.325	-327.15
523.449	-241.15
523.573	-225.15
523.697	-415.15
523.82	-300.15
523.944	-358.15
524.068	-264.15
524.191	-296.15
524.315	-572.15
524.439	-221.15
524.562	-59.15
524.686	-356.15
524.81	-462.15
524.933	-403.15
525.057	-371.15
525.181	-171.15
525.304	-517.15
525.428	60.85
525.552	-507.15
525.675	-242.15
525.799	-429.15
525.923	-230.15
526.046	-108.15
526.17	-574.15
526.293	-484.15
526.417	-241.15
526.541	-14.15
526.664	-371.15
526.788	-341.15
526.911	-138.15
527.035	-483.15
527.159	-339.15
527.282	-354.15
527.406	-412.15
527.529	-91.15
527.653	-494.15
527.776	-167.15
527.9	-401.15
528.024	-407.15
528.147	-306.15
528.271	6.85
528.394	-64.15
528.518	-6.15
528.641	-492.15
528.765	-189.15
528.888	-248.15
529.012	-121.15
529.135	-334.15
529.259	75.85
529.382	-358.15
529.506	-459.15
529.629	-182.15
529.753	-502.15
529.876	145.85
530	40.85
530.123	-196.15
530.247	-447.15
530.37	-343.15
530.493	-243.15
530.617	-461.15
530.74	-4.15
530.864	-112.15
530.987	-523.15
531.111	-137.15
531.234	-447.15
531.357	-11.15
531.481	-65.15
531.604	12.85
531.728	-542.15
531.851	-214.15
531.974	-156.15
532.098	-337.15
532.221	-428.15
532.345	-320.15
532.468	-478.15
532.591	178.85
532.715	-293.15
532.838	-343.15
532.961	-293.15
533.085	-431.15
533.208	-203.15
533.331	-558.15
533.455	-14.15
533.578	-332.15
533.701	-153.15
533.825	-59.15
533.948	-368.15
534.071	-332.15
534.195	-72.15
534.318	-478.15
534.441	-366.15
534.564	-183.15
534.688	-406.15
534.811	-82.15
534.934	-294.15
535.058	-213.15
535.181	42.85
535.304	-75.15
535.427	-440.15
535.551	-525.15
535.674	-339.15
535.797	-124.15
535.92	-48.15
536.043	-533.15
536.167	-513.15
536.29	-171.15
536.413	-186.15
536.536	-465.15
536.66	-376.15
536.783	-162.15
536.906	-226.15
537.029	-392.15
537.152	-369.15
537.275	-258.15
537.399	115.85
537.522	-600.15
537.645	-310.15
537.768	-360.15
537.891	-163.15
538.014	-294.15
538.138	-410.15
538.261	-339.15
538.384	-272.15
538.507	-500.15
538.63	-354.15
538.753	134.85
538.876	-189.15
538.999	-457.15
539.123	-84.15
539.246	213.85
539.369	322.85
539.492	-412.15
539.615	-499.15
539.738	192.85
539.861	-345.15
539.984	-254.15
540.107	-167.15
540.23	-396.15
540.353	-409.15
540.476	-651.15
540.599	-135.15
540.722	-481.15
540.846	-193.15
540.969	-573.15
541.092	-204.15
541.215	-486.15
541.338	-198.15
541.461	-474.15
541.584	-289.15
541.707	-245.15
541.83	-400.15
541.953	-176.15
542.076	-167.15
542.199	-241.15
542.322	53.85
542.445	152.85
542.567	-346.15
542.69	-228.15
542.813	-341.15
542.936	-131.15
543.059	-241.15
543.182	261.85
543.305	79.85
543.428	-214.15
543.551	-321.15
543.674	51.85
543.797	-93.15
543.92	-334.15
544.043	319.85
544.166	-486.15
544.288	-323.15
544.411	-145.15
544.534	-470.15
544.657	-200.15
544.78	-313.15
544.903	-167.15
545.026	-307.15
545.149	-470.15
545.271	-453.15
545.394	-369.15
545.517	-550.15
545.64	469.85
545.763	-266.15
545.886	-381.15
546.008	-187.15
546.131	-50.15
546.254	-275.15
546.377	-547.15
546.5	-112.15
546.623	-122.15
546.745	-486.15
546.868	-305.15
546.991	-6.15
547.114	-252.15
547.236	-240.15
547.359	-475.15
547.482	-185.15
547.605	-430.15
547.728	-344.15
547.85	-464.15
547.973	-429.15
548.096	-307.15
548.219	-131.15
548.341	-307.15
548.464	-516.15
548.587	-270.15
548.709	-325.15
548.832	-224.15
548.955	347.85
549.078	-27.15
549.2	-385.15
549.323	-337.15
549.446	165.85
549.568	-290.15
549.691	-107.15
549.814	-61.15
549.936	-395.15
550.059	-348.15
550.182	-461.15
550.304	-549.15
550.427	-261.15
550.55	-356.15
550.672	-396.15
550.795	310.85
550.917	-425.15
551.04	-288.15
551.163	-159.15
551.285	102.85
551.408	-18.15
551.531	398.85
551.653	-491.15
551.776	-178.15
551.898	-174.15
552.021	-176.15
552.143	-275.15
552.266	-281.15
552.389	-285.15
552.511	-491.15
552.634	-494.15
552.756	-427.15
552.879	255.85
553.001	-2.15
553.124	-526.15
553.246	-431.15
553.369	29.85
553.492	-278.15
553.614	28.85
553.737	-645.15
553.859	-85.15
553.982	-41.15
554.104	-195.15
554.227	-440.15
554.349	-275.15
554.472	-288.15
554.594	-610.15
554.716	54.85
554.839	-102.15
554.961	-195.15
555.084	-450.15
555.206	-206.15
555.329	-539.15
555.451	-517.15
555.574	-144.15
555.696	-440.15
555.819	-221.15
555.941	-278.15
556.063	-80.15
556.186	-292.15
556.308	-157.15
556.431	261.85
556.553	-62.15
556.675	-400.15
556.798	-312.15
556.92	-37.15
557.043	-346.15
557.165	-478.15
557.287	-18.15
557.41	-312.15
557.532	-196.15
557.654	-340.15
557.777	-22.15
557.899	-256.15
558.021	-195.15
558.144	60.85
558.266	57.85
558.388	313.85
558.511	-304.15
558.633	-247.15
558.755	-391.15
558.878	-445.15
559	-35.15
559.122	-585.15
559.244	-388.15
559.367	-315.15
559.489	40.85
559.611	147.85
559.734	-268.15
559.856	-209.15
559.978	-199.15
560.1	-233.15
560.223	-256.15
560.345	36.85
560.467	-456.15
560.589	-316.15
560.712	-315.15
560.834	201.85
560.956	-481.15
561.078	-292.15
561.2	-163.15
561.323	53.85
561.445	-525.15
561.567	-380.15
561.689	-464.15
561.811	-89.15
561.934	-307.15
562.056	-277.15
562.178	-129.15
562.3	-330.15
562.422	-166.15
562.544	-236.15
562.666	3.85
562.789	-165.15
562.911	-216.15
563.033	-35.15
563.155	-96.15
563.277	-377.15
563.399	-574.15
563.521	-326.15
563.643	-460.15
563.766	-250.15
563.888	3.85
564.01	-193.15
564.132	-463.15
564.254	-522.15
564.376	83.85
564.498	-224.15
564.62	106.85
564.742	-212.15
564.864	-544.15
564.986	-228.15
565.108	298.85
565.23	-362.15
565.352	-58.15
565.474	-169.15
565.597	143.85
565.719	96.85
565.841	-503.15
565.963	-271.15
566.085	-215.15
566.207	-269.15
566.329	54.85
566.451	37.85
566.573	-373.15
566.695	-318.15
566.817	208.85
566.938	-479.15
567.06	-294.15
567.182	-199.15
567.304	-252.15
567.426	-491.15
567.548	16.85
567.67	-182.15
567.792	-245.15
567.914	-358.15
568.036	-254.15
568.158	-192.15
568.28	-438.15
568.402	-111.15
568.524	-318.15
568.646	-435.15
568.767	-323.15
568.889	-3.15
569.011	-297.15
569.133	-367.15
569.255	-537.15
569.377	-461.15
569.499	-183.15
569.621	-393.15
569.742	282.85
569.864	29.85
569.986	376.85
570.108	-41.15
570.23	-449.15
570.352	92.85
570.473	-192.15
570.595	-274.15
570.717	-486.15
570.839	-193.15
570.961	-62.15
571.082	-273.15
571.204	-409.15
571.326	-403.15
571.448	-48.15
571.57	-18.15
571.691	-210.15
571.813	-192.15
571.935	41.85
572.057	-248.15
572.178	-422.15
572.3	111.85
572.422	112.85
572.544	168.85
572.665	-360.15
572.787	-439.15
572.909	108.85
573.031	-134.15
573.152	-493.15
573.274	-51.15
573.396	-68.15
573.517	-55.15
573.639	-594.15
573.761	-396.15
573.882	-222.15
574.004	-85.15
574.126	-420.15
574.247	-53.15
574.369	-41.15
574.491	-210.15
574.612	-419.15
574.734	-207.15
574.856	-203.15
574.977	-50.15
575.099	-161.15
575.221	-216.15
575.342	-280.15
575.464	-188.15
575.585	-102.15
575.707	-438.15
575.829	78.85
575.95	46.85
576.072	-323.15
576.193	-397.15
576.315	-319.15
576.437	-270.15
576.558	-262.15
576.68	-279.15
576.801	208.85
576.923	-482.15
577.044	63.85
577.166	-535.15
577.287	-246.15
577.409	-298.15
577.531	-233.15
577.652	-110.15
577.774	-529.15
577.895	-226.15
578.017	-386.15
578.138	-366.15
578.26	-274.15
578.381	-118.15
578.503	-350.15
578.624	-362.15
578.746	-502.15
578.867	-288.15
578.988	-157.15
579.11	169.85
579.231	-143.15
579.353	-345.15
579.474	-214.15
579.596	-317.15
579.717	-234.15
579.839	-230.15
579.96	-599.15
580.081	-96.15
580.203	-301.15
580.324	-172.15
580.446	-39.15
580.567	-171.15
580.688	196.85
580.81	-461.15
580.931	-331.15
581.053	-516.15
581.174	-183.15
581.295	-372.15
581.417	-110.15
581.538	-50.15
581.659	-75.15
581.781	-223.15
581.902	-353.15
582.024	-441.15
582.145	-453.15
582.266	-402.15
582.388	-246.15
582.509	-463.15
582.63	-209.15
582.751	-353.15
582.873	-289.15
582.994	-301.15
583.115	-267.15
583.237	-162.15
583.358	-375.15
583.479	-575.15
583.6	-15.15
583.722	-278.15
583.843	-425.15
583.964	90.85
584.086	-359.15
584.207	-132.15
584.328	-468.15
584.449	-117.15
584.57	-172.15
584.692	-182.15
584.813	1145.85
584.934	-188.15
585.055	-441.15
585.177	-47.15
585.298	-180.15
585.419	-467.15
585.54	203.85
585.661	-101.15
585.783	-119.15
585.904	-389.15
586.025	90.85
586.146	-446.15
586.267	-348.15
586.388	-282.15
586.51	331.85
586.631	-486.15
586.752	-478.15
586.873	-331.15
586.994	-506.15
587.115	-459.15
587.236	-346.15
587.357	-514.15
587.479	-415.15
587.6	26.85
587.721	-301.15
587.842	-384.15
587.963	188.85
588.084	58.85
588.205	-446.15
588.326	-296.15
588.447	-214.15
588.568	-294.15
588.689	-172.15
588.81	-127.15
588.931	-290.15
589.052	-389.15
589.174	-398.15
589.295	-118.15
589.416	-180.15
589.537	-3.15
589.658	-320.15
589.779	-519.15
589.9	24.85
590.021	-350.15
590.142	-355.15
590.263	-520.15
590.384	-241.15
590.505	256.85
590.626	-432.15
590.747	-196.15
590.867	-119.15
590.988	-124.15
591.109	-295.15
591.23	90.85
591.351	-45.15
591.472	-260.15
591.593	-296.15
591.714	-202.15
591.835	-314.15
591.956	-352.15
592.077	-552.15
592.198	-248.15
592.319	-196.15
592.44	-81.15
592.56	-381.15
592.681	-533.15
592.802	-122.15
592.923	-286.15
593.044	-365.15
593.165	-456.15
593.286	-142.15
593.407	-442.15
593.527	2.85
593.648	-451.15
593.769	-111.15
593.89	81.85
594.011	-210.15
594.132	-320.15
594.252	-133.15
594.373	-435.15
594.494	-530.15
594.615	-287.15
594.736	-281.15
594.856	48.85
594.977	-441.15
595.098	-146.15
595.219	-445.15
595.34	-152.15
595.46	-450.15
595.581	232.85
595.702	-242.15
595.823	-435.15
595.943	-86.15
596.064	-252.15
596.185	109.85
596.306	-539.15
596.426	-402.15
596.547	-501.15
596.668	-162.15
596.788	-212.15
596.909	-220.15
597.03	-151.15
597.151	-248.15
597.271	-403.15
597.392	-272.15
597.513	-150.15
597.633	-84.15
597.754	-193.15
597.875	-239.15
597.995	90.85
598.116	-175.15
598.237	-309.15
598.357	-415.15
598.478	-407.15
598.599	192.85
598.719	-270.15
598.84	-467.15
598.96	-408.15
599.081	-233.15
599.202	-254.15
599.322	-441.15
599.443	-471.15
599.563	-103.15
599.684	-4.15
599.805	-326.15
599.925	-513.15
600.046	242.85
600.166	-288.15
600.287	-127.15
600.407	-210.15
600.528	49.85
600.649	-145.15
600.769	-207.15
600.89	-468.15
601.01	-64.15
601.131	-375.15
601.251	182.85
601.372	-160.15
601.492	-325.15
601.613	-394.15
601.733	-363.15
601.854	228.85
601.974	388.85
602.095	144.85
602.215	-486.15
602.336	-455.15
602.456	256.85
602.577	-384.15
602.697	861.85
602.817	-47.15
602.938	-241.15
603.058	-112.15
603.179	-452.15
603.299	-417.15
603.42	-485.15
603.54	-136.15
603.66	-453.15
603.781	-135.15
603.901	-335.15
604.022	126.85
604.142	-245.15
604.262	-219.15
604.383	-359.15
604.503	109.85
604.624	-407.15
604.744	-149.15
604.864	-94.15
604.985	-334.15
605.105	-154.15
605.225	-205.15
605.346	-203.15
605.466	-60.15
605.586	228.85
605.707	377.85
605.827	-461.15
605.947	-305.15
606.068	-305.15
606.188	-299.15
606.308	-325.15
606.429	-20.15
606.549	-341.15
606.669	-476.15
606.789	-400.15
606.91	-104.15
607.03	-418.15
607.15	-337.15
607.27	-139.15
607.391	-32.15
607.511	-363.15
607.631	-404.15
607.751	161.85
607.872	-69.15
607.992	-417.15
608.112	-21.15
608.232	-328.15
608.353	-443.15
608.473	-389.15
608.593	126.85
608.713	391.85
608.833	-264.15
608.954	-387.15
609.074	-316.15
609.194	-450.15
609.314	234.85
609.434	-48.15
609.554	-212.15
609.675	-99.15
609.795	-388.15
609.915	-408.15
610.035	347.85
610.155	-270.15
610.275	-342.15
610.395	-61.15
610.516	-468.15
610.636	-197.15
610.756	-104.15
610.876	-63.15
610.996	-379.15
611.116	205.85
611.236	-503.15
611.356	-383.15
611.476	-232.15
611.596	-183.15
611.716	78.85
611.836	-421.15
611.957	-459.15
612.077	-235.15
612.197	-118.15
612.317	-390.15
612.437	66.85
612.557	50.85
612.677	-243.15
612.797	-166.15
612.917	-491.15
613.037	-111.15
613.157	-208.15
613.277	-168.15
613.397	151.85
613.517	147.85
613.637	-391.15
613.757	-245.15
613.877	-375.15
613.997	-50.15
614.117	-336.15
614.237	-290.15
614.356	-145.15
614.476	40.85
614.596	-18.15
614.716	-266.15
614.836	-283.15
614.956	-46.15
615.076	-174.15
615.196	-450.15
615.316	-180.15
615.436	-88.15
615.556	150.85
615.676	293.85
615.795	-138.15
615.915	-176.15
616.035	-320.15
616.155	-237.15
616.275	-364.15
616.395	-336.15
616.515	-53.15
616.635	-575.15
616.754	-584.15
616.874	-57.15
616.994	-193.15
617.114	352.85
617.234	54.85
617.354	-98.15
617.473	426.85
617.593	-314.15
617.713	-211.15
617.833	-110.15
617.953	-123.15
618.072	-596.15
618.192	-370.15
618.312	81.85
618.432	34.85
618.551	-388.15
618.671	-390.15
618.791	-98.15
618.911	-179.15
619.03	-262.15
619.15	-207.15
619.27	-259.15
619.39	-348.15
619.509	-244.15
619.629	-274.15
619.749	-393.15
619.868	-173.15
619.988	-511.15
620.108	-339.15
620.228	887.85
620.347	-182.15
620.467	-369.15
620.587	-405.15
620.706	66.85
620.826	-382.15
620.946	-411.15
621.065	-27.15
621.185	330.85
621.305	-334.15
621.424	-294.15
621.544	-576.15
621.663	-111.15
621.783	-296.15
621.903	268.85
622.022	-480.15
622.142	-207.15
622.261	188.85
622.381	-171.15
622.501	-94.15
622.62	-264.15
622.74	-178.15
622.859	-294.15
622.979	109.85
623.099	-279.15
623.218	-119.15
623.338	168.85
623.457	-124.15
623.577	-348.15
623.696	-137.15
623.816	-523.15
623.935	-403.15
624.055	-372.15
624.174	-239.15
624.294	-204.15
624.413	-499.15
624.533	-150.15
624.652	98.85
624.772	-384.15
624.891	-532.15
625.011	-26.15
625.13	-303.15
625.25	-487.15
625.369	-338.15
625.489	-319.15
625.608	-404.15
625.728	-227.15
625.847	-218.15
625.966	-432.15
626.086	-343.15
626.205	-474.15
626.325	-172.15
626.444	-155.15
626.564	172.85
626.683	35.85
626.802	-23.15
626.922	125.85
627.041	-116.15
627.161	-237.15
627.28	-4.15
627.399	1.85
627.519	-182.15
627.638	-529.15
627.757	-408.15
627.877	-280.15
627.996	-271.15
628.115	-59.15
628.235	-84.15
628.354	-473.15
628.473	-180.15
628.593	145.85
628.712	-206.15
628.831	-215.15
628.951	-463.15
629.07	113.85
629.189	-195.15
629.309	-264.15
629.428	225.85
629.547	-474.15
629.666	-63.15
629.786	-191.15
629.905	-449.15
630.024	-65.15
630.143	-117.15
630.263	-243.15
630.382	301.85
630.501	-277.15
630.62	-352.15
630.74	-438.15
630.859	98.85
630.978	-305.15
631.097	-454.15
631.216	-402.15
631.336	157.85
631.455	-382.15
631.574	-332.15
631.693	-81.15
631.812	-262.15
631.932	-544.15
632.051	98.85
632.17	463.85
632.289	-29.15
632.408	-301.15
632.527	-210.15
632.646	-207.15
632.766	-411.15
632.885	230.85
633.004	-476.15
633.123	-225.15
633.242	-384.15
633.361	861.85
633.48	-368.15
633.599	-371.15
633.718	7.85
633.838	-160.15
633.957	-482.15
634.076	-156.15
634.195	-289.15
634.314	-76.15
634.433	-37.15
634.552	-309.15
634.671	-160.15
634.79	264.85
634.909	31.85
635.028	-234.15
635.147	-57.15
635.266	-401.15
635.385	-175.15
635.504	-455.15
635.623	-79.15
635.742	-497.15
635.861	-458.15
635.98	-182.15
636.099	-349.15
636.218	-216.15
636.337	-192.15
636.456	317.85
636.575	-42.15
636.694	-203.15
636.813	-480.15
636.932	-435.15
637.051	-177.15
637.17	-527.15
637.289	-124.15
637.408	-469.15
637.526	-197.15
637.645	-584.15
637.764	-480.15
637.883	-293.15
638.002	-19.15
638.121	484.85
638.24	-438.15
638.359	5.85
638.478	-316.15
638.597	-425.15
638.715	505.85
638.834	-215.15
638.953	0.85
639.072	-467.15
639.191	-510.15
639.31	-6.15
639.428	-202.15
639.547	-159.15
639.666	-42.15
639.785	-83.15
639.904	-205.15
640.023	-497.15
640.141	-275.15
640.26	-286.15
640.379	-58.15
640.498	-542.15
640.616	-188.15
640.735	-205.15
640.854	46.85
640.973	-430.15
641.092	-35.15
641.21	-77.15
641.329	-281.15
641.448	-45.15
641.567	262.85
641.685	-217.15
641.804	-286.15
641.923	-210.15
642.041	-372.15
642.16	-240.15
642.279	50.85
642.398	-313.15
642.516	-375.15
642.635	154.85
642.754	-279.15
642.872	62.85
642.991	57.85
643.11	-331.15
643.228	-428.15
643.347	-458.15
643.466	-506.15
643.584	21.85
643.703	267.85
643.821	-168.15
643.94	-144.15
644.059	-95.15
644.177	17.85
644.296	-433.15
644.415	-337.15
644.533	-183.15
644.652	-9.15
644.77	-496.15
644.889	-466.15
645.008	-17.15
645.126	-370.15
645.245	-47.15
645.363	60.85
645.482	-126.15
645.6	-189.15
645.719	-360.15
645.837	-288.15
645.956	-129.15
646.074	-446.15
646.193	-412.15
646.312	-25.15
646.43	180.85
646.549	240.85
646.667	-606.15
646.786	-444.15
646.904	32.85
647.023	-58.15
647.141	-449.15
647.26	-51.15
647.378	525.85
647.496	-287.15
647.615	-71.15
647.733	-192.15
647.852	280.85
647.97	-342.15
648.089	-29.15
648.207	-45.15
648.326	96.85
648.444	-213.15
648.562	-256.15
648.681	-140.15
648.799	-265.15
648.918	-170.15
649.036	-190.15
649.154	-328.15
649.273	49.85
649.391	-303.15
649.51	-408.15
649.628	-478.15
649.746	220.85
649.865	-315.15
649.983	-405.15
650.101	-177.15
650.22	-200.15
650.338	-357.15
650.456	-265.15
650.575	-280.15
650.693	-440.15
650.811	-69.15
650.93	-473.15
651.048	1455.85
651.166	429.85
651.285	-219.15
651.403	-41.15
651.521	-180.15
651.639	-198.15
651.758	78.85
651.876	277.85
651.994	-413.15
652.112	66.85
652.231	-188.15
652.349	-394.15
652.467	-636.15
652.585	-196.15
652.704	-19.15
652.822	-537.15
652.94	-518.15
653.058	-100.15
653.176	-314.15
653.295	-243.15
653.413	-2.15
653.531	-336.15
653.649	-239.15
653.767	-397.15
653.886	-436.15
654.004	-380.15
654.122	157.85
654.24	-493.15
654.358	-393.15
654.476	-236.15
654.594	181.85
654.713	-308.15
654.831	-542.15
654.949	-271.15
655.067	-65.15
655.185	-465.15
655.303	-356.15
655.421	-261.15
655.539	98.85
655.658	-195.15
655.776	-312.15
655.894	27.85
656.012	152.85
656.13	-542.15
656.248	-325.15
656.366	-406.15
656.484	-293.15
656.602	-428.15
656.72	-385.15
656.838	-98.15
656.956	-286.15
657.074	-69.15
657.192	-125.15
657.31	-359.15
657.428	-259.15
657.546	-132.15
657.664	-177.15
657.782	-234.15
657.9	67.85
658.018	-300.15
658.136	-224.15
658.254	47.85
658.372	102.85
658.49	-428.15
658.608	-458.15
658.726	-46.15
658.844	-36.15
658.962	-343.15
659.08	-492.15
659.198	-109.15
659.316	-198.15
