Data from 550_HR4D30811__0__01.txt Node

197.25	-594.15
197.385	-594.15
197.519	-594.15
197.653	-508.15
197.787	12.85
197.922	-20.15
198.056	10.85
198.19	-67.15
198.324	37.85
198.459	-114.15
198.593	-39.15
198.727	33.85
198.861	7.85
198.996	20.85
199.13	-5.15
199.264	-33.15
199.398	44.85
199.533	122.85
199.667	101.85
199.801	5.85
199.935	6.85
200.07	106.85
200.204	-100.15
200.338	-0.15
200.472	-35.15
200.606	-77.15
200.741	5.85
200.875	-24.15
201.009	20.85
201.143	-74.15
201.277	39.85
201.412	106.85
201.546	47.85
201.68	12.85
201.814	-35.15
201.948	8.85
202.082	-37.15
202.217	-91.15
202.351	-68.15
202.485	15.85
202.619	-24.15
202.753	20.85
202.887	43.85
203.021	74.85
203.156	-45.15
203.29	68.85
203.424	70.85
203.558	-2.15
203.692	-6.15
203.826	-20.15
203.96	115.85
204.094	145.85
204.229	-8.15
204.363	-26.15
204.497	-13.15
204.631	-194.15
204.765	-91.15
204.899	-18.15
205.033	-47.15
205.167	-87.15
205.301	102.85
205.435	-26.15
205.569	63.85
205.704	-7.15
205.838	-53.15
205.972	115.85
206.106	33.85
206.24	-75.15
206.374	-11.15
206.508	110.85
206.642	66.85
206.776	49.85
206.91	99.85
207.044	109.85
207.178	2.85
207.312	40.85
207.446	59.85
207.58	57.85
207.714	82.85
207.848	-22.15
207.982	-102.15
208.116	-76.15
208.25	-68.15
208.384	28.85
208.518	24.85
208.652	61.85
208.786	57.85
208.92	37.85
209.054	19.85
209.188	-19.15
209.322	37.85
209.456	-95.15
209.59	-34.15
209.724	60.85
209.858	86.85
209.992	-61.15
210.126	39.85
210.26	-32.15
210.394	-12.15
210.528	102.85
210.662	-42.15
210.796	-19.15
210.929	96.85
211.063	24.85
211.197	-32.15
211.331	90.85
211.465	-24.15
211.599	3.85
211.733	-71.15
211.867	-98.15
212.001	-43.15
212.135	90.85
212.269	-53.15
212.402	44.85
212.536	1.85
212.67	-148.15
212.804	-83.15
212.938	80.85
213.072	-1.15
213.206	-37.15
213.34	22.85
213.473	-72.15
213.607	-124.15
213.741	-15.15
213.875	-11.15
214.009	76.85
214.143	67.85
214.277	-10.15
214.41	35.85
214.544	83.85
214.678	16.85
214.812	-55.15
214.946	53.85
215.08	-110.15
215.213	6.85
215.347	80.85
215.481	51.85
215.615	-119.15
215.749	-26.15
215.882	-55.15
216.016	-46.15
216.15	26.85
216.284	113.85
216.418	-33.15
216.551	-108.15
216.685	34.85
216.819	-33.15
216.953	11.85
217.086	49.85
217.22	-48.15
217.354	-85.15
217.488	93.85
217.621	31.85
217.755	-34.15
217.889	84.85
218.023	-0.15
218.156	71.85
218.29	18.85
218.424	115.85
218.558	-164.15
218.691	12.85
218.825	-29.15
218.959	-38.15
219.092	-5.15
219.226	-25.15
219.36	-16.15
219.494	104.85
219.627	-27.15
219.761	-1.15
219.895	-38.15
220.028	8.85
220.162	71.85
220.296	73.85
220.429	-60.15
220.563	-3.15
220.697	-55.15
220.83	-7.15
220.964	-62.15
221.098	-78.15
221.231	-41.15
221.365	35.85
221.499	11.85
221.632	-109.15
221.766	34.85
221.9	16.85
222.033	-11.15
222.167	96.85
222.3	-53.15
222.434	37.85
222.568	111.85
222.701	-46.15
222.835	16.85
222.968	-87.15
223.102	57.85
223.236	77.85
223.369	-2.15
223.503	-116.15
223.636	-26.15
223.77	0.85
223.904	55.85
224.037	84.85
224.171	-113.15
224.304	65.85
224.438	67.85
224.571	8.85
224.705	27.85
224.839	-49.15
224.972	-54.15
225.106	-56.15
225.239	-40.15
225.373	-20.15
225.506	-52.15
225.64	46.85
225.773	-67.15
225.907	-101.15
226.04	-87.15
226.174	41.85
226.307	13.85
226.441	-53.15
226.575	-19.15
226.708	-39.15
226.842	-33.15
226.975	27.85
227.109	-147.15
227.242	11.85
227.375	20.85
227.509	-38.15
227.642	8.85
227.776	33.85
227.909	28.85
228.043	-109.15
228.176	47.85
228.31	-0.15
228.443	92.85
228.577	73.85
228.71	-54.15
228.844	87.85
228.977	-5.15
229.111	46.85
229.244	68.85
229.377	-52.15
229.511	41.85
229.644	-21.15
229.778	28.85
229.911	-78.15
230.044	11.85
230.178	-42.15
230.311	83.85
230.445	-34.15
230.578	-12.15
230.711	21.85
230.845	-10.15
230.978	67.85
231.112	-65.15
231.245	26.85
231.378	-14.15
231.512	39.85
231.645	-60.15
231.779	-146.15
231.912	-95.15
232.045	33.85
232.179	-12.15
232.312	-69.15
232.445	-31.15
232.579	99.85
232.712	46.85
232.845	24.85
232.979	-132.15
233.112	12.85
233.245	93.85
233.379	15.85
233.512	-101.15
233.645	90.85
233.779	17.85
233.912	54.85
234.045	-9.15
234.179	-65.15
234.312	-17.15
234.445	-42.15
234.578	75.85
234.712	57.85
234.845	48.85
234.978	-135.15
235.112	46.85
235.245	95.85
235.378	35.85
235.511	10.85
235.645	70.85
235.778	-30.15
235.911	43.85
236.044	30.85
236.178	54.85
236.311	-13.15
236.444	-2.15
236.577	8.85
236.711	-44.15
236.844	-71.15
236.977	-41.15
237.11	-36.15
237.243	-13.15
237.377	15.85
237.51	-37.15
237.643	160.85
237.776	-98.15
237.909	43.85
238.043	118.85
238.176	16.85
238.309	-64.15
238.442	-88.15
238.575	48.85
238.709	114.85
238.842	123.85
238.975	63.85
239.108	23.85
239.241	-39.15
239.374	11.85
239.508	71.85
239.641	80.85
239.774	-30.15
239.907	-10.15
240.04	-61.15
240.173	55.85
240.306	2.85
240.44	-55.15
240.573	56.85
240.706	31.85
240.839	15.85
240.972	-28.15
241.105	-54.15
241.238	24.85
241.371	-31.15
241.504	67.85
241.638	-46.15
241.771	12.85
241.904	-138.15
242.037	-22.15
242.17	10.85
242.303	13.85
242.436	22.85
242.569	-23.15
242.702	79.85
242.835	-50.15
242.968	26.85
243.101	68.85
243.234	19.85
243.367	-38.15
243.5	3.85
243.634	-55.15
243.767	-35.15
243.9	32.85
244.033	-5.15
244.166	39.85
244.299	7.85
244.432	-99.15
244.565	-13.15
244.698	-78.15
244.831	60.85
244.964	-72.15
245.097	-81.15
245.23	40.85
245.363	-38.15
245.496	20.85
245.629	-85.15
245.762	67.85
245.895	-7.15
246.028	-41.15
246.161	-23.15
246.294	71.85
246.427	53.85
246.559	-121.15
246.692	2.85
246.825	-12.15
246.958	-32.15
247.091	12.85
247.224	29.85
247.357	-67.15
247.49	119.85
247.623	-39.15
247.756	-151.15
247.889	83.85
248.022	60.85
248.155	-127.15
248.288	-50.15
248.421	-96.15
248.553	-23.15
248.686	-20.15
248.819	-25.15
248.952	20.85
249.085	23.85
249.218	-37.15
249.351	-12.15
249.484	10.85
249.617	72.85
249.749	-69.15
249.882	15.85
250.015	-27.15
250.148	-15.15
250.281	26.85
250.414	79.85
250.547	-164.15
250.679	-31.15
250.812	-0.15
250.945	117.85
251.078	-51.15
251.211	-57.15
251.344	42.85
251.476	53.85
251.609	97.85
251.742	-64.15
251.875	-55.15
252.008	-80.15
252.14	-54.15
252.273	-4.15
252.406	58.85
252.539	-45.15
252.672	105.85
252.804	-51.15
252.937	-83.15
253.07	45.85
253.203	-2.15
253.335	54.85
253.468	-93.15
253.601	-82.15
253.734	-11.15
253.866	85.85
253.999	-24.15
254.132	4.85
254.265	-23.15
254.397	45.85
254.53	-91.15
254.663	16.85
254.796	-70.15
254.928	-51.15
255.061	-48.15
255.194	30.85
255.327	27.85
255.459	-80.15
255.592	47.85
255.725	92.85
255.857	-92.15
255.99	30.85
256.123	-59.15
256.255	-52.15
256.388	10.85
256.521	-47.15
256.653	-163.15
256.786	15.85
256.919	-43.15
257.051	48.85
257.184	50.85
257.317	47.85
257.449	41.85
257.582	-91.15
257.715	-90.15
257.847	13.85
257.98	-61.15
258.113	101.85
258.245	-50.15
258.378	-4.15
258.51	39.85
258.643	-66.15
258.776	16.85
258.908	-46.15
259.041	36.85
259.174	-43.15
259.306	-52.15
259.439	-64.15
259.571	-47.15
259.704	68.85
259.837	125.85
259.969	-79.15
260.102	-54.15
260.234	62.85
260.367	21.85
260.499	-27.15
260.632	-5.15
260.765	-16.15
260.897	-26.15
261.03	33.85
261.162	-60.15
261.295	-37.15
261.427	123.85
261.56	-54.15
261.692	-30.15
261.825	33.85
261.957	-53.15
262.09	18.85
262.222	16.85
262.355	11.85
262.487	17.85
262.62	-6.15
262.752	-87.15
262.885	-65.15
263.017	-38.15
263.15	-137.15
263.282	-85.15
263.415	5.85
263.547	95.85
263.68	-6.15
263.812	46.85
263.945	-29.15
264.077	51.85
264.21	72.85
264.342	-143.15
264.475	-23.15
264.607	118.85
264.74	-32.15
264.872	-77.15
265.004	-26.15
265.137	-76.15
265.269	27.85
265.402	-14.15
265.534	-36.15
265.667	-87.15
265.799	-58.15
265.931	22.85
266.064	97.85
266.196	-30.15
266.329	-93.15
266.461	28.85
266.593	57.85
266.726	40.85
266.858	-65.15
266.99	-11.15
267.123	-52.15
267.255	3.85
267.388	-49.15
267.52	-67.15
267.652	-27.15
267.785	82.85
267.917	-90.15
268.049	-1.15
268.182	93.85
268.314	47.85
268.446	-81.15
268.579	-2.15
268.711	121.85
268.843	-43.15
268.976	76.85
269.108	127.85
269.24	26.85
269.373	3.85
269.505	-114.15
269.637	-62.15
269.77	-20.15
269.902	-56.15
270.034	-59.15
270.167	-35.15
270.299	27.85
270.431	81.85
270.563	-12.15
270.696	12.85
270.828	94.85
270.96	-24.15
271.092	72.85
271.225	-54.15
271.357	-60.15
271.489	77.85
271.621	-11.15
271.754	40.85
271.886	79.85
272.018	60.85
272.15	40.85
272.283	34.85
272.415	39.85
272.547	9.85
272.679	-48.15
272.811	-2.15
272.944	-43.15
273.076	-92.15
273.208	68.85
273.34	75.85
273.473	0.85
273.605	23.85
273.737	-20.15
273.869	-6.15
274.001	-117.15
274.133	33.85
274.266	-69.15
274.398	196.85
274.53	-2.15
274.662	-4.15
274.794	-43.15
274.926	-5.15
275.059	-30.15
275.191	-101.15
275.323	65.85
275.455	20.85
275.587	-80.15
275.719	2.85
275.851	-46.15
275.983	-11.15
276.116	-36.15
276.248	145.85
276.38	-25.15
276.512	22.85
276.644	-92.15
276.776	-17.15
276.908	12.85
277.04	44.85
277.172	11.85
277.304	-60.15
277.437	-76.15
277.569	8.85
277.701	40.85
277.833	-31.15
277.965	-20.15
278.097	24.85
278.229	-24.15
278.361	75.85
278.493	77.85
278.625	154.85
278.757	-29.15
278.889	-52.15
279.021	-16.15
279.153	68.85
279.285	-21.15
279.417	21.85
279.549	94.85
279.681	24.85
279.813	41.85
279.945	-12.15
280.077	-36.15
280.209	151.85
280.341	-33.15
280.473	90.85
280.605	30.85
280.737	8.85
280.869	111.85
281.001	39.85
281.133	-81.15
281.265	-2.15
281.397	-22.15
281.529	105.85
281.661	-3.15
281.793	-106.15
281.925	-1.15
282.057	-24.15
282.189	-69.15
282.321	39.85
282.453	44.85
282.585	63.85
282.717	57.85
282.849	-29.15
282.98	-24.15
283.112	67.85
283.244	5.85
283.376	-43.15
283.508	-5.15
283.64	64.85
283.772	33.85
283.904	23.85
284.036	-65.15
284.168	9.85
284.299	-12.15
284.431	9.85
284.563	74.85
284.695	-14.15
284.827	-44.15
284.959	-2.15
285.091	-20.15
285.222	-5.15
285.354	3.85
285.486	41.85
285.618	58.85
285.75	72.85
285.882	74.85
286.013	32.85
286.145	17.85
286.277	142.85
286.409	81.85
286.541	16.85
286.673	-2.15
286.804	70.85
286.936	-46.15
287.068	53.85
287.2	-10.15
287.332	-8.15
287.463	19.85
287.595	22.85
287.727	-36.15
287.859	-22.15
287.99	42.85
288.122	72.85
288.254	21.85
288.386	-33.15
288.517	-66.15
288.649	32.85
288.781	-44.15
288.913	5.85
289.044	50.85
289.176	39.85
289.308	50.85
289.44	-19.15
289.571	-27.15
289.703	-140.15
289.835	0.85
289.967	56.85
290.098	-65.15
290.23	-7.15
290.362	57.85
290.493	-46.15
290.625	-128.15
290.757	42.85
290.888	-43.15
291.02	9.85
291.152	-13.15
291.283	-36.15
291.415	59.85
291.547	85.85
291.678	-18.15
291.81	-52.15
291.942	57.85
292.073	-33.15
292.205	-24.15
292.337	-6.15
292.468	3.85
292.6	52.85
292.732	127.85
292.863	18.85
292.995	-159.15
293.126	71.85
293.258	17.85
293.39	12.85
293.521	-56.15
293.653	-58.15
293.785	66.85
293.916	34.85
294.048	-49.15
294.179	35.85
294.311	-13.15
294.442	59.85
294.574	-0.15
294.706	89.85
294.837	46.85
294.969	-133.15
295.1	51.85
295.232	-2.15
295.363	11.85
295.495	-25.15
295.627	31.85
295.758	49.85
295.89	-64.15
296.021	22.85
296.153	-45.15
296.284	31.85
296.416	24.85
296.547	-0.15
296.679	36.85
296.81	79.85
296.942	-95.15
297.073	-157.15
297.205	-3.15
297.336	-121.15
297.468	-28.15
297.599	83.85
297.731	-43.15
297.862	49.85
297.994	20.85
298.125	-100.15
298.257	99.85
298.388	3.85
298.52	64.85
298.651	-7.15
298.782	155.85
298.914	-167.15
299.045	38.85
299.177	-154.15
299.308	-6.15
299.44	95.85
299.571	121.85
299.702	-54.15
299.834	-68.15
299.965	73.85
300.097	-36.15
300.228	-69.15
300.36	5.85
300.491	34.85
300.622	72.85
300.754	-3.15
300.885	-33.15
301.017	92.85
301.148	-63.15
301.279	-50.15
301.411	35.85
301.542	49.85
301.673	8.85
301.805	-14.15
301.936	25.85
302.067	70.85
302.199	-27.15
302.33	-18.15
302.461	156.85
302.593	102.85
302.724	-80.15
302.855	-64.15
302.987	-76.15
303.118	32.85
303.249	-46.15
303.381	-121.15
303.512	-9.15
303.643	0.85
303.775	83.85
303.906	-75.15
304.037	-3.15
304.169	32.85
304.3	-36.15
304.431	85.85
304.562	-132.15
304.694	47.85
304.825	30.85
304.956	35.85
305.087	32.85
305.219	-11.15
305.35	-4.15
305.481	-132.15
305.612	-81.15
305.744	-50.15
305.875	49.85
306.006	54.85
306.137	26.85
306.269	-55.15
306.4	75.85
306.531	-41.15
306.662	-34.15
306.794	109.85
306.925	-112.15
307.056	31.85
307.187	41.85
307.318	-99.15
307.45	10.85
307.581	44.85
307.712	-27.15
307.843	-50.15
307.974	-23.15
308.105	16.85
308.237	25.85
308.368	-0.15
308.499	-105.15
308.63	-8.15
308.761	8.85
308.892	29.85
309.024	60.85
309.155	-90.15
309.286	-12.15
309.417	-23.15
309.548	38.85
309.679	34.85
309.81	29.85
309.941	81.85
310.073	21.85
310.204	23.85
310.335	57.85
310.466	68.85
310.597	-32.15
310.728	-139.15
310.859	132.85
310.99	24.85
311.121	7.85
311.252	-88.15
311.383	-94.15
311.514	-3.15
311.646	9.85
311.777	6.85
311.908	7.85
312.039	24.85
312.17	-67.15
312.301	-37.15
312.432	34.85
312.563	-9.15
312.694	-60.15
312.825	-17.15
312.956	-107.15
313.087	29.85
313.218	133.85
313.349	-24.15
313.48	-38.15
313.611	-71.15
313.742	-48.15
313.873	65.85
314.004	-5.15
314.135	24.85
314.266	18.85
314.397	4.85
314.528	-13.15
314.659	-93.15
314.79	2.85
314.921	-71.15
315.052	66.85
315.183	17.85
315.314	-20.15
315.445	-9.15
315.576	70.85
315.707	-2.15
315.838	-29.15
315.968	37.85
316.099	-56.15
316.23	-78.15
316.361	110.85
316.492	130.85
316.623	-101.15
316.754	45.85
316.885	-91.15
317.016	51.85
317.147	-22.15
317.278	85.85
317.408	-17.15
317.539	-86.15
317.67	26.85
317.801	-25.15
317.932	60.85
318.063	42.85
318.194	63.85
318.325	136.85
318.455	-135.15
318.586	-54.15
318.717	67.85
318.848	-128.15
318.979	-5.15
319.11	91.85
319.24	71.85
319.371	100.85
319.502	-16.15
319.633	4.85
319.764	-84.15
319.895	36.85
320.025	97.85
320.156	-15.15
320.287	-70.15
320.418	-7.15
320.549	-63.15
320.679	-54.15
320.81	27.85
320.941	-19.15
321.072	-22.15
321.202	-100.15
321.333	75.85
321.464	-49.15
321.595	32.85
321.726	133.85
321.856	11.85
321.987	53.85
322.118	12.85
322.249	55.85
322.379	52.85
322.51	-86.15
322.641	-136.15
322.771	-41.15
322.902	75.85
323.033	-110.15
323.164	112.85
323.294	-164.15
323.425	-27.15
323.556	105.85
323.686	64.85
323.817	56.85
323.948	-10.15
324.078	57.85
324.209	-73.15
324.34	-4.15
324.47	124.85
324.601	-104.15
324.732	53.85
324.862	32.85
324.993	75.85
325.124	-79.15
325.254	107.85
325.385	34.85
325.516	68.85
325.646	192.85
325.777	-4.15
325.908	75.85
326.038	73.85
326.169	41.85
326.299	-45.15
326.43	-92.15
326.561	-24.15
326.691	-110.15
326.822	-25.15
326.952	-61.15
327.083	128.85
327.214	-23.15
327.344	-34.15
327.475	16.85
327.605	25.85
327.736	22.85
327.867	-4.15
327.997	-22.15
328.128	-8.15
328.258	54.85
328.389	27.85
328.519	-25.15
328.65	-23.15
328.78	34.85
328.911	-29.15
329.041	-32.15
329.172	-29.15
329.303	62.85
329.433	-80.15
329.564	-14.15
329.694	28.85
329.825	-16.15
329.955	-59.15
330.086	28.85
330.216	-49.15
330.347	116.85
330.477	71.85
330.608	5.85
330.738	84.85
330.868	-27.15
330.999	32.85
331.129	106.85
331.26	-98.15
331.39	-60.15
331.521	9.85
331.651	-31.15
331.782	-42.15
331.912	-13.15
332.043	115.85
332.173	-67.15
332.303	37.85
332.434	16.85
332.564	69.85
332.695	14.85
332.825	-59.15
332.956	-47.15
333.086	-53.15
333.216	-70.15
333.347	-66.15
333.477	-109.15
333.608	68.85
333.738	56.85
333.868	49.85
333.999	50.85
334.129	-48.15
334.259	1.85
334.39	12.85
334.52	36.85
334.65	12.85
334.781	77.85
334.911	35.85
335.042	-94.15
335.172	84.85
335.302	-44.15
335.433	43.85
335.563	4.85
335.693	74.85
335.824	77.85
335.954	-19.15
336.084	-101.15
336.214	94.85
336.345	-5.15
336.475	65.85
336.605	15.85
336.736	84.85
336.866	-0.15
336.996	-33.15
337.126	-53.15
337.257	73.85
337.387	10.85
337.517	-50.15
337.648	-62.15
337.778	80.85
337.908	124.85
338.038	-13.15
338.169	55.85
338.299	7.85
338.429	-143.15
338.559	-55.15
338.69	-41.15
338.82	68.85
338.95	32.85
339.08	-74.15
339.21	56.85
339.341	-51.15
339.471	7.85
339.601	8.85
339.731	82.85
339.861	-48.15
339.992	23.85
340.122	-32.15
340.252	9.85
340.382	-44.15
340.512	15.85
340.642	3.85
340.773	38.85
340.903	-97.15
341.033	31.85
341.163	14.85
341.293	-5.15
341.423	-140.15
341.554	-81.15
341.684	113.85
341.814	2.85
341.944	-17.15
342.074	-75.15
342.204	-27.15
342.334	66.85
342.464	69.85
342.595	-114.15
342.725	-41.15
342.855	14.85
342.985	57.85
343.115	-63.15
343.245	-4.15
343.375	-84.15
343.505	84.85
343.635	-2.15
343.765	-76.15
343.895	-19.15
344.025	120.85
344.155	26.85
344.286	22.85
344.416	8.85
344.546	-77.15
344.676	-47.15
344.806	76.85
344.936	37.85
345.066	-9.15
345.196	-6.15
345.326	19.85
345.456	117.85
345.586	-19.15
345.716	-33.15
345.846	35.85
345.976	-14.15
346.106	-17.15
346.236	150.85
346.366	-28.15
346.496	-85.15
346.626	-16.15
346.756	51.85
346.886	-51.15
347.016	-8.15
347.146	-17.15
347.276	-154.15
347.406	11.85
347.536	106.85
347.666	131.85
347.795	-1.15
347.925	-30.15
348.055	45.85
348.185	27.85
348.315	-48.15
348.445	62.85
348.575	32.85
348.705	-35.15
348.835	7.85
348.965	-50.15
349.095	-24.15
349.225	180.85
349.354	-76.15
349.484	-77.15
349.614	20.85
349.744	-47.15
349.874	85.85
350.004	47.85
350.134	8.85
350.264	-119.15
350.393	-85.15
350.523	-4.15
350.653	-86.15
350.783	84.85
350.913	46.85
351.043	-46.15
351.173	67.85
351.302	100.85
351.432	-51.15
351.562	39.85
351.692	1.85
351.822	-34.15
351.951	-116.15
352.081	25.85
352.211	-36.15
352.341	-27.15
352.471	79.85
352.6	-78.15
352.73	18.85
352.86	-55.15
352.99	-11.15
353.12	102.85
353.249	-46.15
353.379	39.85
353.509	5.85
353.639	-40.15
353.768	90.85
353.898	29.85
354.028	-65.15
354.158	-62.15
354.287	-16.15
354.417	-51.15
354.547	-93.15
354.677	-28.15
354.806	10.85
354.936	47.85
355.066	24.85
355.195	-32.15
355.325	-13.15
355.455	-14.15
355.584	89.85
355.714	12.85
355.844	-39.15
355.974	-101.15
356.103	116.85
356.233	-0.15
356.363	29.85
356.492	85.85
356.622	-0.15
356.752	-128.15
356.881	46.85
357.011	-38.15
357.14	11.85
357.27	-43.15
357.4	-27.15
357.529	32.85
357.659	10.85
357.789	-40.15
357.918	-38.15
358.048	-96.15
358.177	-3.15
358.307	-8.15
358.437	-88.15
358.566	-76.15
358.696	85.85
358.825	12.85
358.955	-99.15
359.085	21.85
359.214	-60.15
359.344	46.85
359.473	-77.15
359.603	-11.15
359.733	-40.15
359.862	-52.15
359.992	59.85
360.121	2.85
360.251	7.85
360.38	-33.15
360.51	107.85
360.639	-20.15
360.769	-60.15
360.898	-58.15
361.028	-56.15
361.157	32.85
361.287	-68.15
361.416	-13.15
361.546	-7.15
361.675	1.85
361.805	-16.15
361.934	39.85
362.064	12.85
362.193	1.85
362.323	-158.15
362.452	49.85
362.582	33.85
362.711	-60.15
362.841	-89.15
362.97	16.85
363.1	-4.15
363.229	-21.15
363.359	-66.15
363.488	52.85
363.617	-18.15
363.747	-13.15
363.876	25.85
364.006	-13.15
364.135	-107.15
364.265	31.85
364.394	-106.15
364.523	73.85
364.653	9.85
364.782	59.85
364.912	1.85
365.041	9.85
365.17	16.85
365.3	78.85
365.429	124.85
365.558	16.85
365.688	100.85
365.817	145.85
365.947	34.85
366.076	107.85
366.205	-63.15
366.335	-68.15
366.464	-155.15
366.593	31.85
366.723	-61.15
366.852	36.85
366.981	-83.15
367.111	54.85
367.24	31.85
367.369	-44.15
367.499	-52.15
367.628	7.85
367.757	-14.15
367.886	9.85
368.016	34.85
368.145	100.85
368.274	35.85
368.404	-105.15
368.533	-72.15
368.662	17.85
368.791	-52.15
368.921	88.85
369.05	55.85
369.179	57.85
369.308	149.85
369.438	-73.15
369.567	-40.15
369.696	-26.15
369.825	69.85
369.955	27.85
370.084	63.85
370.213	-24.15
370.342	-23.15
370.472	48.85
370.601	7.85
370.73	56.85
370.859	-76.15
370.988	94.85
371.118	-139.15
371.247	76.85
371.376	115.85
371.505	-17.15
371.634	51.85
371.763	17.85
371.893	38.85
372.022	-63.15
372.151	-106.15
372.28	-53.15
372.409	95.85
372.538	-74.15
372.667	52.85
372.797	-20.15
372.926	-21.15
373.055	8.85
373.184	-38.15
373.313	-48.15
373.442	95.85
373.571	98.85
373.7	-58.15
373.83	19.85
373.959	-51.15
374.088	-97.15
374.217	8.85
374.346	47.85
374.475	-54.15
374.604	29.85
374.733	1.85
374.862	-4.15
374.991	3.85
375.12	1.85
375.249	48.85
375.378	89.85
375.508	-117.15
375.637	-86.15
375.766	74.85
375.895	37.85
376.024	53.85
376.153	-53.15
376.282	-95.15
376.411	-32.15
376.54	-174.15
376.669	49.85
376.798	-82.15
376.927	-136.15
377.056	-33.15
377.185	48.85
377.314	82.85
377.443	27.85
377.572	45.85
377.701	-43.15
377.83	88.85
377.959	76.85
378.088	188.85
378.217	121.85
378.346	-26.15
378.474	3.85
378.603	-9.15
378.732	38.85
378.861	-151.15
378.99	-73.15
379.119	-43.15
379.248	49.85
379.377	-82.15
379.506	-34.15
379.635	25.85
379.764	72.85
379.893	-119.15
380.022	69.85
380.15	-12.15
380.279	-53.15
380.408	-88.15
380.537	-50.15
380.666	46.85
380.795	15.85
380.924	-121.15
381.053	-52.15
381.181	-77.15
381.31	157.85
381.439	17.85
381.568	32.85
381.697	-9.15
381.826	39.85
381.955	-48.15
382.083	60.85
382.212	-64.15
382.341	10.85
382.47	97.85
382.599	-20.15
382.727	-42.15
382.856	-33.15
382.985	-34.15
383.114	-28.15
383.243	-24.15
383.371	-18.15
383.5	-56.15
383.629	37.85
383.758	-25.15
383.887	-93.15
384.015	-35.15
384.144	12.85
384.273	24.85
384.402	117.85
384.53	-122.15
384.659	-37.15
384.788	-33.15
384.917	-53.15
385.045	-9.15
385.174	87.85
385.303	-128.15
385.432	-19.15
385.56	-33.15
385.689	-11.15
385.818	95.85
385.946	70.85
386.075	2.85
386.204	-54.15
386.332	15.85
386.461	7.85
386.59	0.85
386.718	42.85
386.847	-56.15
386.976	3.85
387.104	-76.15
387.233	-37.15
387.362	-96.15
387.49	-58.15
387.619	-9.15
387.748	40.85
387.876	-6.15
388.005	127.85
388.134	73.85
388.262	-42.15
388.391	75.85
388.52	98.85
388.648	-98.15
388.777	75.85
388.905	29.85
389.034	-11.15
389.163	-65.15
389.291	-49.15
389.42	125.85
389.548	8.85
389.677	-76.15
389.805	36.85
389.934	17.85
390.063	7.85
390.191	-66.15
390.32	-16.15
390.448	4.85
390.577	-70.15
390.705	-115.15
390.834	15.85
390.962	6.85
391.091	51.85
391.22	72.85
391.348	118.85
391.477	29.85
391.605	11.85
391.734	20.85
391.862	-38.15
391.991	-36.15
392.119	-26.15
392.248	-56.15
392.376	25.85
392.505	15.85
392.633	118.85
392.762	135.85
392.89	-37.15
393.018	62.85
393.147	39.85
393.275	-36.15
393.404	-35.15
393.532	96.85
393.661	-48.15
393.789	-29.15
393.918	68.85
394.046	-76.15
394.174	68.85
394.303	-18.15
394.431	-24.15
394.56	-11.15
394.688	-178.15
394.817	-143.15
394.945	56.85
395.073	61.85
395.202	-50.15
395.33	31.85
395.459	16.85
395.587	157.85
395.715	-76.15
395.844	15.85
395.972	-130.15
396.1	57.85
396.229	-57.15
396.357	23.85
396.485	-90.15
396.614	98.85
396.742	32.85
396.87	-36.15
396.999	44.85
397.127	26.85
397.255	-37.15
397.384	76.85
397.512	-97.15
397.64	24.85
397.769	16.85
397.897	71.85
398.025	20.85
398.154	-61.15
398.282	149.85
398.41	-13.15
398.538	-68.15
398.667	42.85
398.795	-118.15
398.923	17.85
399.052	-73.15
399.18	-81.15
399.308	45.85
399.436	40.85
399.565	9.85
399.693	77.85
399.821	66.85
399.949	20.85
400.078	44.85
400.206	57.85
400.334	-4.15
400.462	-36.15
400.59	-49.15
400.719	-95.15
400.847	-80.15
400.975	-17.15
401.103	-24.15
401.231	-73.15
401.36	-41.15
401.488	-66.15
401.616	-5.15
401.744	21.85
401.872	41.85
402	16.85
402.129	68.85
402.257	-53.15
402.385	-74.15
402.513	-81.15
402.641	-21.15
402.769	-23.15
402.897	-62.15
403.026	-63.15
403.154	23.85
403.282	-50.15
403.41	1.85
403.538	46.85
403.666	-27.15
403.794	33.85
403.922	78.85
404.05	-75.15
404.179	118.85
404.307	73.85
404.435	12.85
404.563	13.85
404.691	-78.15
404.819	206.85
404.947	-48.15
405.075	-83.15
405.203	-15.15
405.331	-64.15
405.459	-16.15
405.587	-82.15
405.715	-126.15
405.843	56.85
405.971	-30.15
406.099	29.85
406.227	20.85
406.355	80.85
406.483	-204.15
406.611	-69.15
406.739	-109.15
406.867	75.85
406.995	-29.15
407.123	-92.15
407.251	2.85
407.379	-25.15
407.507	-27.15
407.635	111.85
407.763	-0.15
407.891	-28.15
408.019	-71.15
408.147	122.85
408.275	-21.15
408.403	-149.15
408.531	-148.15
408.659	-39.15
408.787	18.85
408.915	-34.15
409.043	-96.15
409.171	56.85
409.299	75.85
409.427	26.85
409.554	-12.15
409.682	-104.15
409.81	12.85
409.938	-17.15
410.066	-27.15
410.194	-40.15
410.322	33.85
410.45	70.85
410.578	-145.15
410.705	71.85
410.833	47.85
410.961	-12.15
411.089	120.85
411.217	-44.15
411.345	50.85
411.473	28.85
411.6	101.85
411.728	-52.15
411.856	-39.15
411.984	-60.15
412.112	-6.15
412.239	77.85
412.367	4.85
412.495	66.85
412.623	-16.15
412.751	34.85
412.878	-124.15
413.006	-86.15
413.134	-26.15
413.262	140.85
413.39	108.85
413.517	31.85
413.645	20.85
413.773	-51.15
413.901	12.85
414.028	-3.15
414.156	41.85
414.284	-27.15
414.412	92.85
414.539	-9.15
414.667	41.85
414.795	-62.15
414.923	-46.15
415.05	13.85
415.178	-87.15
415.306	-11.15
415.433	-43.15
415.561	31.85
415.689	125.85
415.816	-42.15
415.944	116.85
416.072	-36.15
416.2	-33.15
416.327	19.85
416.455	-84.15
416.583	-25.15
416.71	-35.15
416.838	11.85
416.966	28.85
417.093	-0.15
417.221	141.85
417.348	-23.15
417.476	-22.15
417.604	-88.15
417.731	-91.15
417.859	-10.15
417.987	38.85
418.114	-90.15
418.242	-21.15
418.369	-0.15
418.497	-32.15
418.625	91.85
418.752	-65.15
418.88	-98.15
419.007	23.85
419.135	77.85
419.263	16.85
419.39	-71.15
419.518	-34.15
419.645	-50.15
419.773	-122.15
419.9	-92.15
420.028	17.85
420.155	26.85
420.283	-26.15
420.41	-85.15
420.538	3.85
420.666	-35.15
420.793	-28.15
420.921	-128.15
421.048	-72.15
421.176	53.85
421.303	30.85
421.431	-68.15
421.558	-7.15
421.686	16.85
421.813	-123.15
421.941	28.85
422.068	99.85
422.195	60.85
422.323	38.85
422.45	-49.15
422.578	47.85
422.705	43.85
422.833	-90.15
422.96	-21.15
423.088	32.85
423.215	1.85
423.343	49.85
423.47	-63.15
423.597	88.85
423.725	-19.15
423.852	88.85
423.98	51.85
424.107	-17.15
424.234	-10.15
424.362	114.85
424.489	-53.15
424.617	42.85
424.744	108.85
424.871	16.85
424.999	-13.15
425.126	24.85
425.253	-28.15
425.381	64.85
425.508	0.85
425.636	-56.15
425.763	-44.15
425.89	-64.15
426.018	-156.15
426.145	17.85
426.272	46.85
426.4	25.85
426.527	91.85
426.654	-60.15
426.781	-32.15
426.909	18.85
427.036	-128.15
427.163	-50.15
427.291	12.85
427.418	-33.15
427.545	98.85
427.673	-99.15
427.8	15.85
427.927	-81.15
428.054	-14.15
428.182	-13.15
428.309	-80.15
428.436	19.85
428.563	-115.15
428.691	32.85
428.818	-75.15
428.945	13.85
429.072	71.85
429.2	-56.15
429.327	63.85
429.454	44.85
429.581	-26.15
429.708	-117.15
429.836	6.85
429.963	-73.15
430.09	-134.15
430.217	70.85
430.344	-5.15
430.472	-165.15
430.599	2.85
430.726	28.85
430.853	47.85
430.98	-36.15
431.107	35.85
431.235	-32.15
431.362	-46.15
431.489	0.85
431.616	30.85
431.743	3.85
431.87	29.85
431.997	-75.15
432.125	19.85
432.252	-124.15
432.379	23.85
432.506	-59.15
432.633	-43.15
432.76	-11.15
432.887	103.85
433.014	-91.15
433.141	71.85
433.268	11.85
433.395	61.85
433.523	-28.15
433.65	-57.15
433.777	19.85
433.904	-37.15
434.031	-154.15
434.158	-51.15
434.285	-4.15
434.412	107.85
434.539	-51.15
434.666	-82.15
434.793	-63.15
434.92	-20.15
435.047	86.85
435.174	12.85
435.301	39.85
435.428	100.85
435.555	-21.15
435.682	-119.15
435.809	59.85
435.936	-86.15
436.063	-66.15
436.19	-9.15
436.317	9.85
436.444	77.85
436.571	-16.15
436.698	149.85
436.825	91.85
436.952	91.85
437.079	69.85
437.206	-66.15
437.333	30.85
437.46	30.85
437.587	8.85
437.714	-52.15
437.84	-18.15
437.967	18.85
438.094	-138.15
438.221	-41.15
438.348	-73.15
438.475	945.85
438.602	-79.15
438.729	-88.15
438.856	-55.15
438.983	-76.15
439.109	103.85
439.236	-59.15
439.363	-34.15
439.49	68.85
439.617	-69.15
439.744	-33.15
439.871	84.85
439.997	-72.15
440.124	98.85
440.251	-50.15
440.378	-16.15
440.505	-37.15
440.632	14.85
440.758	102.85
440.885	90.85
441.012	20.85
441.139	47.85
441.266	-66.15
441.392	-34.15
441.519	-44.15
441.646	-10.15
441.773	-83.15
441.9	57.85
442.026	-106.15
442.153	2.85
442.28	7.85
442.407	-39.15
442.533	58.85
442.66	-85.15
442.787	-9.15
442.914	-23.15
443.04	-29.15
443.167	28.85
443.294	-31.15
443.421	6.85
443.547	-86.15
443.674	-40.15
443.801	-49.15
443.927	59.85
444.054	139.85
444.181	51.85
444.307	-4.15
444.434	-62.15
444.561	2.85
444.688	-16.15
444.814	90.85
444.941	35.85
445.068	36.85
445.194	30.85
445.321	62.85
445.447	33.85
445.574	53.85
445.701	20.85
445.827	16.85
445.954	-18.15
446.081	51.85
446.207	17.85
446.334	51.85
446.461	-38.15
446.587	-42.15
446.714	-149.15
446.84	52.85
446.967	-53.15
447.094	-71.15
447.22	51.85
447.347	-100.15
447.473	-157.15
447.6	53.85
447.726	-20.15
447.853	51.85
447.98	44.85
448.106	20.85
448.233	-7.15
448.359	39.85
448.486	17.85
448.612	61.85
448.739	-117.15
448.865	39.85
448.992	-26.15
449.118	-8.15
449.245	-42.15
449.371	27.85
449.498	40.85
449.624	50.85
449.751	-76.15
449.877	-140.15
450.004	47.85
450.13	27.85
450.257	-20.15
450.383	89.85
450.51	-71.15
450.636	34.85
450.763	-26.15
450.889	-1.15
451.016	-45.15
451.142	92.85
451.269	-67.15
451.395	70.85
451.521	-77.15
451.648	-33.15
451.774	-5.15
451.901	-95.15
452.027	-56.15
452.154	47.85
452.28	11.85
452.406	-70.15
452.533	-13.15
452.659	58.85
452.785	-31.15
452.912	-21.15
453.038	-23.15
453.165	45.85
453.291	-76.15
453.417	140.85
453.544	4.85
453.67	50.85
453.796	-10.15
453.923	-184.15
454.049	0.85
454.175	-95.15
454.302	-56.15
454.428	54.85
454.554	-39.15
454.681	9.85
454.807	-23.15
454.933	22.85
455.06	27.85
455.186	45.85
455.312	77.85
455.439	27.85
455.565	-4.15
455.691	14.85
455.817	-4.15
455.944	20.85
456.07	-66.15
456.196	96.85
456.322	-115.15
456.449	-80.15
456.575	-44.15
456.701	-24.15
456.827	-33.15
456.954	-91.15
457.08	44.85
457.206	15.85
457.332	24.85
457.459	-116.15
457.585	44.85
457.711	-27.15
457.837	-51.15
457.963	-38.15
458.09	27.85
458.216	-6.15
458.342	-80.15
458.468	35.85
458.594	4.85
458.721	48.85
458.847	-118.15
458.973	-115.15
459.099	30.85
459.225	8.85
459.351	-71.15
459.477	14.85
459.604	54.85
459.73	-17.15
459.856	5.85
459.982	63.85
460.108	-64.15
460.234	-139.15
460.36	29.85
460.486	-95.15
460.613	30.85
460.739	41.85
460.865	13.85
460.991	106.85
461.117	-4.15
461.243	-4.15
461.369	1.85
461.495	-67.15
461.621	-44.15
461.747	13.85
461.873	-82.15
461.999	-93.15
462.125	-22.15
462.252	43.85
462.378	-106.15
462.504	-36.15
462.63	-37.15
462.756	19.85
462.882	-97.15
463.008	-33.15
463.134	22.85
463.26	-109.15
463.386	38.85
463.512	13.85
463.638	-45.15
463.764	-67.15
463.89	4.85
464.016	-46.15
464.142	33.85
464.268	18.85
464.394	3.85
464.52	-174.15
464.645	58.85
464.771	-27.15
464.897	10.85
465.023	-25.15
465.149	13.85
465.275	56.85
465.401	-111.15
465.527	83.85
465.653	-55.15
465.779	70.85
465.905	-101.15
466.031	-12.15
466.157	-86.15
466.282	9.85
466.408	-82.15
466.534	77.85
466.66	-13.15
466.786	-25.15
466.912	-5.15
467.038	23.85
467.164	-16.15
467.289	-82.15
467.415	-12.15
467.541	11.85
467.667	-58.15
467.793	-20.15
467.919	58.85
468.045	38.85
468.17	11.85
468.296	47.85
468.422	15.85
468.548	53.85
468.674	-47.15
468.799	-15.15
468.925	78.85
469.051	-51.15
469.177	16.85
469.303	-32.15
469.428	-39.15
469.554	-92.15
469.68	5.85
469.806	-11.15
469.931	-39.15
470.057	-42.15
470.183	-65.15
470.309	-11.15
470.434	-23.15
470.56	-11.15
470.686	21.85
470.812	30.85
470.937	-163.15
471.063	108.85
471.189	3.85
471.315	80.85
471.44	-17.15
471.566	-99.15
471.692	18.85
471.817	48.85
471.943	-39.15
472.069	98.85
472.194	75.85
472.32	24.85
472.446	-36.15
472.571	18.85
472.697	-21.15
472.823	-19.15
472.948	-153.15
473.074	42.85
473.2	26.85
473.325	37.85
473.451	-3.15
473.577	-77.15
473.702	-69.15
473.828	78.85
473.953	-97.15
474.079	6.85
474.205	-35.15
474.33	27.85
474.456	58.85
474.581	34.85
474.707	-143.15
474.833	5.85
474.958	-20.15
475.084	105.85
475.209	2.85
475.335	59.85
475.46	-87.15
475.586	56.85
475.712	109.85
475.837	77.85
475.963	-10.15
476.088	2.85
476.214	-100.15
476.339	-5.15
476.465	-63.15
476.59	-74.15
476.716	77.85
476.841	24.85
476.967	-63.15
477.092	-97.15
477.218	-20.15
477.343	-37.15
477.469	-7.15
477.594	75.85
477.72	-8.15
477.845	19.85
477.971	-79.15
478.096	-31.15
478.222	-17.15
478.347	339.85
478.472	75.85
478.598	-95.15
478.723	4.85
478.849	89.85
478.974	64.85
479.1	-16.15
479.225	-38.15
479.35	-71.15
479.476	-57.15
479.601	-110.15
479.727	79.85
479.852	-82.15
479.977	-117.15
480.103	-68.15
480.228	135.85
480.354	-51.15
480.479	-43.15
480.604	-18.15
480.73	-107.15
480.855	4.85
480.98	-30.15
481.106	0.85
481.231	-143.15
481.356	-58.15
481.482	-163.15
481.607	-19.15
481.732	-154.15
481.858	-21.15
481.983	61.85
482.108	-69.15
482.234	-4.15
482.359	77.85
482.484	91.85
482.61	-129.15
482.735	-35.15
482.86	70.85
482.985	-14.15
483.111	1.85
483.236	43.85
483.361	-79.15
483.486	17.85
483.612	-35.15
483.737	-43.15
483.862	30.85
483.987	-60.15
484.113	-62.15
484.238	62.85
484.363	19.85
484.488	-82.15
484.614	-43.15
484.739	-3.15
484.864	-33.15
484.989	22.85
485.114	21.85
485.24	-38.15
485.365	41.85
485.49	-166.15
485.615	-117.15
485.74	-51.15
485.865	-27.15
485.991	2.85
486.116	11.85
486.241	-12.15
486.366	-24.15
486.491	66.85
486.616	-81.15
486.742	-48.15
486.867	9.85
486.992	-107.15
487.117	-120.15
487.242	-0.15
487.367	-96.15
487.492	-5.15
487.617	-38.15
487.742	-85.15
487.868	25.85
487.993	-71.15
488.118	44.85
488.243	31.85
488.368	55.85
488.493	36.85
488.618	-93.15
488.743	-61.15
488.868	-74.15
488.993	-4.15
489.118	63.85
489.243	-13.15
489.368	-172.15
489.493	-36.15
489.618	-40.15
489.743	10.85
489.868	-5.15
489.993	-54.15
490.118	-123.15
490.243	56.85
490.368	16.85
490.493	17.85
490.618	55.85
490.743	-44.15
490.868	48.85
490.993	25.85
491.118	4.85
491.243	78.85
491.368	-85.15
491.493	81.85
491.618	-37.15
491.743	-35.15
491.868	76.85
491.993	-201.15
492.118	-43.15
492.243	26.85
492.368	65.85
492.493	-69.15
492.618	37.85
492.743	-85.15
492.867	128.85
492.992	15.85
493.117	51.85
493.242	-46.15
493.367	76.85
493.492	111.85
493.617	46.85
493.742	-13.15
493.867	-60.15
493.991	-58.15
494.116	0.85
494.241	58.85
494.366	15.85
494.491	18.85
494.616	91.85
494.74	-35.15
494.865	40.85
494.99	-12.15
495.115	-92.15
495.24	74.85
495.365	22.85
495.489	86.85
495.614	-114.15
495.739	16.85
495.864	39.85
495.989	-145.15
496.113	-23.15
496.238	59.85
496.363	-44.15
496.488	6.85
496.612	67.85
496.737	-33.15
496.862	21.85
496.987	5.85
497.111	3.85
497.236	-66.15
497.361	-54.15
497.486	72.85
497.61	-10.15
497.735	-76.15
497.86	109.85
497.984	122.85
498.109	-80.15
498.234	-177.15
498.359	-19.15
498.483	-16.15
498.608	30.85
498.733	9.85
498.857	-8.15
498.982	-17.15
499.107	-40.15
499.231	15.85
499.356	13.85
499.481	33.85
499.605	-166.15
499.73	-69.15
499.855	63.85
499.979	-52.15
500.104	-124.15
500.228	67.85
500.353	-49.15
500.478	-107.15
500.602	-112.15
500.727	-6.15
500.852	-39.15
500.976	-81.15
501.101	-34.15
501.225	56.85
501.35	69.85
501.474	-155.15
501.599	-25.15
501.724	81.85
501.848	-29.15
501.973	-45.15
502.097	-80.15
502.222	-42.15
502.346	-87.15
502.471	-158.15
502.595	-67.15
502.72	-32.15
502.844	-0.15
502.969	5.85
503.094	-40.15
503.218	-31.15
503.343	6.85
503.467	-66.15
503.592	55.85
503.716	12.85
503.841	-9.15
503.965	6.85
504.089	12.85
504.214	-28.15
504.338	15.85
504.463	64.85
504.587	-62.15
504.712	34.85
504.836	28.85
504.961	-44.15
505.085	18.85
505.21	52.85
505.334	100.85
505.458	-20.15
505.583	-69.15
505.707	66.85
505.832	-15.15
505.956	-22.15
506.08	95.85
506.205	-114.15
506.329	90.85
506.454	-193.15
506.578	-109.15
506.702	44.85
506.827	-1.15
506.951	-46.15
507.076	-70.15
507.2	-24.15
507.324	-22.15
507.449	-36.15
507.573	14.85
507.697	-107.15
507.822	52.85
507.946	-41.15
508.07	-129.15
508.195	-50.15
508.319	-22.15
508.443	-6.15
508.567	-125.15
508.692	-113.15
508.816	-99.15
508.94	127.85
509.065	-184.15
509.189	14.85
509.313	-128.15
509.437	36.85
509.562	-102.15
509.686	-84.15
509.81	-99.15
509.935	-128.15
510.059	187.85
510.183	-39.15
510.307	-6.15
510.431	-55.15
510.556	-108.15
510.68	-25.15
510.804	-30.15
510.928	-120.15
511.053	-72.15
511.177	-67.15
511.301	37.85
511.425	-109.15
511.549	113.85
511.674	69.85
511.798	-76.15
511.922	16.85
512.046	13.85
512.17	-25.15
512.294	13.85
512.419	-32.15
512.543	-21.15
512.667	94.85
512.791	-64.15
512.915	44.85
513.039	-115.15
513.163	47.85
513.288	-12.15
513.412	-156.15
513.536	-69.15
513.66	12.85
513.784	-28.15
513.908	-36.15
514.032	8.85
514.156	-87.15
514.28	44.85
514.404	1.85
514.528	-101.15
514.653	-13.15
514.777	-30.15
514.901	-68.15
515.025	114.85
515.149	-17.15
515.273	0.85
515.397	-86.15
515.521	94.85
515.645	-65.15
515.769	-18.15
515.893	-38.15
516.017	-102.15
516.141	-26.15
516.265	-21.15
516.389	-46.15
516.513	7.85
516.637	-84.15
516.761	-58.15
516.885	46.85
517.009	-164.15
517.133	20.85
517.257	7.85
517.381	41.85
517.505	-54.15
517.629	72.85
517.753	39.85
517.877	-53.15
518.001	45.85
518.125	-110.15
518.248	-72.15
518.372	52.85
518.496	73.85
518.62	-82.15
518.744	-51.15
518.868	81.85
518.992	-3.15
519.116	-62.15
519.24	81.85
519.364	29.85
519.488	-166.15
519.611	-141.15
519.735	-64.15
519.859	-81.15
519.983	87.85
520.107	-102.15
520.231	23.85
520.355	-69.15
520.478	98.85
520.602	5.85
520.726	1.85
520.85	-71.15
520.974	-34.15
521.098	-111.15
521.221	-64.15
521.345	-91.15
521.469	-36.15
521.593	-28.15
521.717	-9.15
521.84	-37.15
521.964	-8.15
522.088	-22.15
522.212	18.85
522.335	-152.15
522.459	-62.15
522.583	31.85
522.707	-149.15
522.83	-67.15
522.954	-32.15
523.078	-110.15
523.202	45.85
523.325	-9.15
523.449	17.85
523.573	-59.15
523.697	-100.15
523.82	-123.15
523.944	43.85
524.068	27.85
524.191	-5.15
524.315	-69.15
524.439	-67.15
524.562	-16.15
524.686	-43.15
524.81	-9.15
524.933	-87.15
525.057	18.85
525.181	-24.15
525.304	-140.15
525.428	47.85
525.552	-15.15
525.675	-34.15
525.799	2.85
525.923	-142.15
526.046	-12.15
526.17	-97.15
526.293	-60.15
526.417	69.85
526.541	27.85
526.664	-25.15
526.788	-99.15
526.911	-10.15
527.035	-99.15
527.159	56.85
527.282	-58.15
527.406	-110.15
527.529	50.85
527.653	-50.15
527.776	14.85
527.9	-5.15
528.024	-52.15
528.147	-103.15
528.271	10.85
528.394	139.85
528.518	19.85
528.641	-76.15
528.765	-39.15
528.888	28.85
529.012	18.85
529.135	-3.15
529.259	35.85
529.382	-85.15
529.506	17.85
529.629	58.85
529.753	-57.15
529.876	-95.15
530	0.85
530.123	-76.15
530.247	72.85
530.37	-63.15
530.493	-20.15
530.617	19.85
530.74	27.85
530.864	53.85
530.987	-68.15
531.111	6.85
531.234	-118.15
531.357	-56.15
531.481	103.85
531.604	70.85
531.728	-48.15
531.851	8.85
531.974	48.85
532.098	2.85
532.221	14.85
532.345	21.85
532.468	-61.15
532.591	-90.15
532.715	-48.15
532.838	-161.15
532.961	-8.15
533.085	-23.15
533.208	-41.15
533.331	-22.15
533.455	-62.15
533.578	-16.15
533.701	3.85
533.825	54.85
533.948	-53.15
534.071	-26.15
534.195	-24.15
534.318	-154.15
534.441	-109.15
534.564	32.85
534.688	124.85
534.811	137.85
534.934	33.85
535.058	128.85
535.181	-7.15
535.304	-31.15
535.427	-48.15
535.551	-7.15
535.674	-189.15
535.797	-9.15
535.92	61.85
536.043	59.85
536.167	-37.15
536.29	-101.15
536.413	110.85
536.536	34.85
536.66	-50.15
536.783	5.85
536.906	-38.15
537.029	-81.15
537.152	-4.15
537.275	-4.15
537.399	63.85
537.522	-28.15
537.645	-101.15
537.768	-67.15
537.891	26.85
538.014	-23.15
538.138	-104.15
538.261	-93.15
538.384	72.85
538.507	-2.15
538.63	-49.15
538.753	69.85
538.876	64.85
538.999	20.85
539.123	-80.15
539.246	-13.15
539.369	-27.15
539.492	30.85
539.615	-53.15
539.738	41.85
539.861	65.85
539.984	84.85
540.107	-31.15
540.23	-109.15
540.353	-19.15
540.476	15.85
540.599	-81.15
540.722	-171.15
540.846	-20.15
540.969	-91.15
541.092	-21.15
541.215	-77.15
541.338	-21.15
541.461	-42.15
541.584	-60.15
541.707	-102.15
541.83	-111.15
541.953	-42.15
542.076	0.85
542.199	0.85
542.322	31.85
542.445	-32.15
542.567	-138.15
542.69	-23.15
542.813	-36.15
542.936	-61.15
543.059	-40.15
543.182	72.85
543.305	88.85
543.428	41.85
543.551	-56.15
543.674	127.85
543.797	36.85
543.92	50.85
544.043	113.85
544.166	-59.15
544.288	44.85
544.411	-16.15
544.534	-101.15
544.657	-136.15
544.78	-13.15
544.903	33.85
545.026	30.85
545.149	-42.15
545.271	-16.15
545.394	22.85
545.517	-5.15
545.64	-54.15
545.763	-37.15
545.886	-101.15
546.008	-62.15
546.131	50.85
546.254	100.85
546.377	10.85
546.5	-11.15
546.623	72.85
546.745	51.85
546.868	-44.15
546.991	88.85
547.114	18.85
547.236	-81.15
547.359	-47.15
547.482	83.85
547.605	-4.15
547.728	40.85
547.85	-115.15
547.973	-103.15
548.096	61.85
548.219	-57.15
548.341	23.85
548.464	-65.15
548.587	-84.15
548.709	-90.15
548.832	43.85
548.955	-4.15
549.078	24.85
549.2	50.85
549.323	0.85
549.446	682.85
549.568	1809.85
549.691	3343.85
549.814	4414.85
549.936	5257.85
550.059	5785.85
550.182	6353.85
550.304	6950.85
550.427	6991.85
550.55	5759.85
550.672	3303.85
550.795	1775.85
550.917	685.85
551.04	315.85
551.163	135.85
551.285	3.85
551.408	-4.15
551.531	251.85
551.653	-19.15
551.776	-43.15
551.898	-9.15
552.021	77.85
552.143	-14.15
552.266	-21.15
552.389	118.85
552.511	-7.15
552.634	-44.15
552.756	36.85
552.879	46.85
553.001	-9.15
553.124	-3.15
553.246	-28.15
553.369	68.85
553.492	-5.15
553.614	-50.15
553.737	-97.15
553.859	48.85
553.982	0.85
554.104	-31.15
554.227	-39.15
554.349	127.85
554.472	-43.15
554.594	-43.15
554.716	-5.15
554.839	-84.15
554.961	-49.15
555.084	-107.15
555.206	74.85
555.329	-32.15
555.451	-63.15
555.574	-6.15
555.696	-69.15
555.819	-132.15
555.941	-51.15
556.063	-5.15
556.186	15.85
556.308	-42.15
556.431	20.85
556.553	-26.15
556.675	-38.15
556.798	-13.15
556.92	35.85
557.043	-49.15
557.165	-120.15
557.287	68.85
557.41	-59.15
557.532	39.85
557.654	-75.15
557.777	103.85
557.899	-33.15
558.021	13.85
558.144	-38.15
558.266	-2.15
558.388	85.85
558.511	-99.15
558.633	-3.15
558.755	-7.15
558.878	-21.15
559	-52.15
559.122	-5.15
559.244	-173.15
559.367	-34.15
559.489	46.85
559.611	34.85
559.734	-0.15
559.856	-46.15
559.978	-47.15
560.1	40.85
560.223	-84.15
560.345	-26.15
560.467	-95.15
560.589	-11.15
560.712	39.85
560.834	11.85
560.956	-70.15
561.078	-98.15
561.2	-21.15
561.323	6.85
561.445	-112.15
561.567	-140.15
561.689	-156.15
561.811	-11.15
561.934	29.85
562.056	12.85
562.178	61.85
562.3	-35.15
562.422	-28.15
562.544	-15.15
562.666	11.85
562.789	-72.15
562.911	-51.15
563.033	-12.15
563.155	4.85
563.277	-45.15
563.399	-107.15
563.521	-56.15
563.643	-12.15
563.766	-25.15
563.888	45.85
564.01	-1.15
564.132	-100.15
564.254	-167.15
564.376	-18.15
564.498	29.85
564.62	146.85
564.742	42.85
564.864	-114.15
564.986	13.85
565.108	-6.15
565.23	-29.15
565.352	21.85
565.474	11.85
565.597	-63.15
565.719	-110.15
565.841	38.85
565.963	-44.15
566.085	-88.15
566.207	-124.15
566.329	75.85
566.451	-35.15
566.573	-19.15
566.695	54.85
566.817	-10.15
566.938	-11.15
567.06	-62.15
567.182	21.85
567.304	-27.15
567.426	-127.15
567.548	-96.15
567.67	-152.15
567.792	-7.15
567.914	10.85
568.036	8.85
568.158	-163.15
568.28	-0.15
568.402	49.85
568.524	-47.15
568.646	-112.15
568.767	40.85
568.889	17.85
569.011	-28.15
569.133	-104.15
569.255	-82.15
569.377	-45.15
569.499	69.85
569.621	125.85
569.742	30.85
569.864	25.85
569.986	24.85
570.108	-2.15
570.23	-0.15
570.352	-5.15
570.473	-26.15
570.595	-83.15
570.717	-102.15
570.839	-84.15
570.961	23.85
571.082	-86.15
571.204	-13.15
571.326	89.85
571.448	0.85
571.57	-72.15
571.691	-90.15
571.813	-11.15
571.935	29.85
572.057	-32.15
572.178	64.85
572.3	31.85
572.422	-42.15
572.544	39.85
572.665	-43.15
572.787	41.85
572.909	-53.15
573.031	16.85
573.152	-107.15
573.274	89.85
573.396	27.85
573.517	-53.15
573.639	-161.15
573.761	4.85
573.882	-103.15
574.004	60.85
574.126	-76.15
574.247	-26.15
574.369	-42.15
574.491	-109.15
574.612	-18.15
574.734	2.85
574.856	-121.15
574.977	-50.15
575.099	-148.15
575.221	-26.15
575.342	1.85
575.464	-61.15
575.585	15.85
575.707	-55.15
575.829	72.85
575.95	-75.15
576.072	-68.15
576.193	45.85
576.315	-18.15
576.437	-75.15
576.558	24.85
576.68	-29.15
576.801	175.85
576.923	2.85
577.044	52.85
577.166	-48.15
577.287	-35.15
577.409	-83.15
577.531	-90.15
577.652	-1.15
577.774	-133.15
577.895	96.85
578.017	-6.15
578.138	4.85
578.26	-20.15
578.381	-62.15
578.503	-41.15
578.624	-119.15
578.746	-94.15
578.867	-35.15
578.988	-50.15
579.11	-30.15
579.231	-66.15
579.353	-81.15
579.474	9.85
579.596	-63.15
579.717	-87.15
579.839	161.85
579.96	-73.15
580.081	56.85
580.203	-81.15
580.324	-30.15
580.446	-19.15
580.567	-14.15
580.688	5.85
580.81	-78.15
580.931	14.85
581.053	-61.15
581.174	-76.15
581.295	69.85
581.417	40.85
581.538	17.85
581.659	-33.15
581.781	-123.15
581.902	-102.15
582.024	-37.15
582.145	-172.15
582.266	-43.15
582.388	-49.15
582.509	10.85
582.63	-68.15
582.751	-82.15
582.873	-131.15
582.994	5.85
583.115	-12.15
583.237	49.85
583.358	19.85
583.479	-52.15
583.6	-39.15
583.722	-97.15
583.843	-68.15
583.964	-11.15
584.086	-79.15
584.207	-68.15
584.328	5.85
584.449	-61.15
584.57	-84.15
584.692	-77.15
584.813	78.85
584.934	-90.15
585.055	-104.15
585.177	-15.15
585.298	55.85
585.419	-81.15
585.54	-40.15
585.661	-3.15
585.783	10.85
585.904	-83.15
586.025	-99.15
586.146	-31.15
586.267	-83.15
586.388	-3.15
586.51	9.85
586.631	-91.15
586.752	-81.15
586.873	54.85
586.994	-12.15
587.115	-23.15
587.236	-8.15
587.357	-47.15
587.479	-122.15
587.6	-115.15
587.721	-119.15
587.842	-96.15
587.963	-67.15
588.084	73.85
588.205	6.85
588.326	-40.15
588.447	-3.15
588.568	-49.15
588.689	94.85
588.81	66.85
588.931	-1.15
589.052	-71.15
589.174	-25.15
589.295	-107.15
589.416	-32.15
589.537	-14.15
589.658	-28.15
589.779	-19.15
589.9	-48.15
590.021	103.85
590.142	-7.15
590.263	-167.15
590.384	31.85
590.505	-53.15
590.626	43.85
590.747	-29.15
590.867	8.85
590.988	60.85
591.109	78.85
591.23	-17.15
591.351	-4.15
591.472	92.85
591.593	-11.15
591.714	-52.15
591.835	-82.15
591.956	-41.15
592.077	49.85
592.198	-31.15
592.319	2.85
592.44	-42.15
592.56	-52.15
592.681	-57.15
592.802	-174.15
592.923	45.85
593.044	-79.15
593.165	-75.15
593.286	-38.15
593.407	-40.15
593.527	85.85
593.648	-39.15
593.769	-117.15
593.89	-54.15
594.011	13.85
594.132	-103.15
594.252	-161.15
594.373	21.85
594.494	-21.15
594.615	-23.15
594.736	19.85
594.856	-119.15
594.977	-53.15
595.098	-20.15
595.219	-74.15
595.34	-17.15
595.46	-107.15
595.581	-9.15
595.702	-35.15
595.823	-109.15
595.943	0.85
596.064	-28.15
596.185	99.85
596.306	-152.15
596.426	31.85
596.547	-118.15
596.668	-21.15
596.788	75.85
596.909	28.85
597.03	21.85
597.151	-96.15
597.271	-101.15
597.392	-72.15
597.513	-55.15
597.633	16.85
597.754	-56.15
597.875	14.85
597.995	93.85
598.116	31.85
598.237	-70.15
598.357	3.85
598.478	37.85
598.599	25.85
598.719	9.85
598.84	-90.15
598.96	-13.15
599.081	17.85
599.202	-72.15
599.322	-30.15
599.443	45.85
599.563	52.85
599.684	108.85
599.805	-85.15
599.925	-135.15
600.046	-26.15
600.166	-30.15
600.287	17.85
600.407	-18.15
600.528	-108.15
600.649	6.85
600.769	29.85
600.89	4.85
601.01	22.85
601.131	-84.15
601.251	-37.15
601.372	-77.15
601.492	-197.15
601.613	-84.15
601.733	37.85
601.854	-1.15
601.974	92.85
602.095	-2.15
602.215	-65.15
602.336	-92.15
602.456	-18.15
602.577	-101.15
602.697	90.85
602.817	24.85
602.938	-20.15
603.058	10.85
603.179	-48.15
603.299	-34.15
603.42	29.85
603.54	-82.15
603.66	-59.15
603.781	-28.15
603.901	-93.15
604.022	15.85
604.142	-74.15
604.262	46.85
604.383	-13.15
604.503	-98.15
604.624	-26.15
604.744	-17.15
604.864	-66.15
604.985	-33.15
605.105	16.85
605.225	34.85
605.346	-63.15
605.466	5.85
605.586	36.85
605.707	113.85
605.827	-143.15
605.947	-72.15
606.068	-0.15
606.188	93.85
606.308	-29.15
606.429	-0.15
606.549	27.85
606.669	17.85
606.789	-27.15
606.91	-33.15
607.03	-24.15
607.15	-13.15
607.27	-82.15
607.391	82.85
607.511	-93.15
607.631	-39.15
607.751	113.85
607.872	-6.15
607.992	-11.15
608.112	66.85
608.232	-62.15
608.353	-108.15
608.473	29.85
608.593	-31.15
608.713	-68.15
608.833	-14.15
608.954	46.85
609.074	-33.15
609.194	-56.15
609.314	-71.15
609.434	-26.15
609.554	32.85
609.675	5.85
609.795	42.85
609.915	-47.15
610.035	83.85
610.155	-3.15
610.275	85.85
610.395	65.85
610.516	-13.15
610.636	-60.15
610.756	-112.15
610.876	29.85
610.996	-40.15
611.116	41.85
611.236	-229.15
611.356	-15.15
611.476	15.85
611.596	-96.15
611.716	-33.15
611.836	-38.15
611.957	-37.15
612.077	-161.15
612.197	-42.15
612.317	-28.15
612.437	45.85
612.557	-65.15
612.677	-90.15
612.797	4.85
612.917	20.85
613.037	-96.15
613.157	-86.15
613.277	-54.15
613.397	59.85
613.517	-16.15
613.637	-11.15
613.757	15.85
613.877	-49.15
613.997	74.85
614.117	-83.15
614.237	-2.15
614.356	23.85
614.476	83.85
614.596	47.85
614.716	29.85
614.836	80.85
614.956	-30.15
615.076	51.85
615.196	42.85
615.316	52.85
615.436	-44.15
615.556	63.85
615.676	28.85
615.795	119.85
615.915	-17.15
616.035	-44.15
616.155	-32.15
616.275	-106.15
616.395	-117.15
616.515	-12.15
616.635	-103.15
616.754	-105.15
616.874	-79.15
616.994	-117.15
617.114	-89.15
617.234	56.85
617.354	-79.15
617.473	57.85
617.593	-139.15
617.713	-44.15
617.833	-64.15
617.953	-30.15
618.072	-73.15
618.192	-49.15
618.312	-70.15
618.432	77.85
618.551	-144.15
618.671	-35.15
618.791	-18.15
618.911	-56.15
619.03	-63.15
619.15	25.85
619.27	14.85
619.39	-119.15
619.509	-34.15
619.629	-20.15
619.749	-68.15
619.868	-7.15
619.988	-61.15
620.108	-14.15
620.228	181.85
620.347	-26.15
620.467	-85.15
620.587	-105.15
620.706	101.85
620.826	-29.15
620.946	-15.15
621.065	-22.15
621.185	65.85
621.305	-85.15
621.424	6.85
621.544	-141.15
621.663	55.85
621.783	-3.15
621.903	59.85
622.022	67.85
622.142	-100.15
622.261	-86.15
622.381	74.85
622.501	-45.15
622.62	-44.15
622.74	-103.15
622.859	-48.15
622.979	114.85
623.099	-94.15
623.218	25.85
623.338	-1.15
623.457	78.85
623.577	112.85
623.696	15.85
623.816	-11.15
623.935	-94.15
624.055	-14.15
624.174	109.85
624.294	-84.15
624.413	-122.15
624.533	38.85
624.652	-134.15
624.772	-67.15
624.891	-126.15
625.011	-64.15
625.13	-23.15
625.25	-33.15
625.369	-80.15
625.489	-37.15
625.608	-61.15
625.728	40.85
625.847	-104.15
625.966	38.85
626.086	-94.15
626.205	-77.15
626.325	47.85
626.444	-165.15
626.564	111.85
626.683	-1.15
626.802	77.85
626.922	39.85
627.041	-55.15
627.161	40.85
627.28	-9.15
627.399	-100.15
627.519	-63.15
627.638	-35.15
627.757	-124.15
627.877	-51.15
627.996	-14.15
628.115	30.85
628.235	17.85
628.354	-168.15
628.473	-85.15
628.593	-63.15
628.712	-5.15
628.831	12.85
628.951	-103.15
629.07	16.85
629.189	-33.15
629.309	-3.15
629.428	68.85
629.547	-60.15
629.666	51.85
629.786	-37.15
629.905	-147.15
630.024	36.85
630.143	-47.15
630.263	-84.15
630.382	-66.15
630.501	-132.15
630.62	-42.15
630.74	-134.15
630.859	-83.15
630.978	32.85
631.097	12.85
631.216	-55.15
631.336	74.85
631.455	-6.15
631.574	-113.15
631.693	-18.15
631.812	15.85
631.932	-0.15
632.051	-46.15
632.17	-62.15
632.289	-8.15
632.408	-28.15
632.527	-78.15
632.646	9.85
632.766	-78.15
632.885	74.85
633.004	-125.15
633.123	-123.15
633.242	-3.15
633.361	100.85
633.48	-51.15
633.599	-75.15
633.718	-33.15
633.838	36.85
633.957	-82.15
634.076	-70.15
634.195	16.85
634.314	70.85
634.433	-61.15
634.552	-91.15
634.671	-55.15
634.79	-33.15
634.909	24.85
635.028	-108.15
635.147	18.85
635.266	-3.15
635.385	-8.15
635.504	-120.15
635.623	16.85
635.742	-4.15
635.861	-20.15
635.98	-15.15
636.099	-16.15
636.218	-85.15
636.337	-60.15
636.456	17.85
636.575	-65.15
636.694	-31.15
636.813	-170.15
636.932	-121.15
637.051	8.85
637.17	-98.15
637.289	-80.15
637.408	-155.15
637.526	-14.15
637.645	-137.15
637.764	-122.15
637.883	-152.15
638.002	91.85
638.121	77.85
638.24	-74.15
638.359	50.85
638.478	-113.15
638.597	-60.15
638.715	15.85
638.834	-84.15
638.953	-14.15
639.072	-5.15
639.191	-35.15
639.31	-75.15
639.428	3.85
639.547	-50.15
639.666	101.85
639.785	-76.15
639.904	7.85
640.023	17.85
640.141	-41.15
640.26	-27.15
640.379	-128.15
640.498	-36.15
640.616	-65.15
640.735	28.85
640.854	20.85
640.973	11.85
641.092	-34.15
641.21	-67.15
641.329	-29.15
641.448	66.85
641.567	52.85
641.685	-132.15
641.804	76.85
641.923	56.85
642.041	-48.15
642.16	56.85
642.279	-26.15
642.398	6.85
642.516	0.85
642.635	-33.15
642.754	-8.15
642.872	25.85
642.991	4.85
643.11	-24.15
643.228	-46.15
643.347	-140.15
643.466	-64.15
643.584	-73.15
643.703	18.85
643.821	-51.15
643.94	-17.15
644.059	24.85
644.177	67.85
644.296	-68.15
644.415	-68.15
644.533	-12.15
644.652	-114.15
644.77	-55.15
644.889	-104.15
645.008	195.85
645.126	-54.15
645.245	46.85
645.363	-39.15
645.482	-124.15
645.6	-72.15
645.719	-104.15
645.837	-6.15
645.956	58.85
646.074	-22.15
646.193	-28.15
646.312	75.85
646.43	-116.15
646.549	133.85
646.667	-98.15
646.786	0.85
646.904	123.85
647.023	54.85
647.141	46.85
647.26	-52.15
647.378	118.85
647.496	-29.15
647.615	-36.15
647.733	27.85
647.852	-29.15
647.97	31.85
648.089	50.85
648.207	-57.15
648.326	-25.15
648.444	-81.15
648.562	2.85
648.681	-21.15
648.799	67.85
648.918	10.85
649.036	-14.15
649.154	-67.15
649.273	-50.15
649.391	-0.15
649.51	-6.15
649.628	-130.15
649.746	32.85
649.865	-47.15
649.983	-5.15
650.101	-46.15
650.22	-29.15
650.338	100.85
650.456	-50.15
650.575	-90.15
650.693	-41.15
650.811	44.85
650.93	-50.15
651.048	89.85
651.166	58.85
651.285	17.85
651.403	-28.15
651.521	88.85
651.639	28.85
651.758	-31.15
651.876	-96.15
651.994	-138.15
652.112	-135.15
652.231	-67.15
652.349	24.85
652.467	-18.15
652.585	-103.15
652.704	31.85
652.822	-30.15
652.94	-67.15
653.058	-62.15
653.176	-33.15
653.295	44.85
653.413	-2.15
653.531	-96.15
653.649	5.85
653.767	-89.15
653.886	-99.15
654.004	-181.15
654.122	-115.15
654.24	-20.15
654.358	-155.15
654.476	-163.15
654.594	-50.15
654.713	48.85
654.831	25.85
654.949	-94.15
655.067	-120.15
655.185	-61.15
655.303	35.85
655.421	5.85
655.539	-11.15
655.658	40.85
655.776	17.85
655.894	2.85
656.012	-87.15
656.13	-80.15
656.248	12.85
656.366	-79.15
656.484	-121.15
656.602	-36.15
656.72	-22.15
656.838	-108.15
656.956	19.85
657.074	-19.15
657.192	-30.15
657.31	-113.15
657.428	-66.15
657.546	-55.15
657.664	78.85
657.782	5.85
657.9	-59.15
658.018	-12.15
658.136	-77.15
658.254	-69.15
658.372	-64.15
658.49	-36.15
658.608	-10.15
658.726	-19.15
658.844	-102.15
658.962	-23.15
659.08	-13.15
659.198	52.85
659.316	-9.15
